-1 1 -5.27822 -2.06839 0
0 1 -5.22822 -2.06844 -0.00638604
1 1 -5.17822 -2.06873 -0.00907712
2 1 -5.12822 -2.06926 -0.0111072
3 1 -5.07823 -2.06995 -0.0102633
4 1 -5.02823 -2.0706 0.00214921
5 1 -4.97823 -2.07034 0.0116944
6 1 -4.92824 -2.06988 0.00734226
7 1 -4.87824 -2.06933 0.018473
8 1 -4.82825 -2.0685 0.00736912
9 1 -4.77825 -2.06812 0.00614637
10 1 -4.72825 -2.06753 0.0170749
11 1 -4.67826 -2.06685 0.0158074
12 1 -4.62826 -2.06611 0.0268711
13 1 -4.57828 -2.06475 0.0196338
14 1 -4.52829 -2.06364 0.0132709
15 1 -4.4783 -2.06307 0.021494
16 1 -4.42831 -2.06198 0.0146141
17 1 -4.37832 -2.06107 0.0161017
18 1 -4.32833 -2.06021 0.0168842
19 1 -4.27833 -2.05969 0.00994274
20 1 -4.22833 -2.05901 0.0115539
21 1 -4.17834 -2.05856 0.0112574
22 1 -4.12834 -2.05789 0.0106491
23 1 -4.07834 -2.05733 0.00875588
24 1 -4.02835 -2.05687 0.00151676
25 1 -3.97835 -2.05701 0.00891049
26 1 -3.92835 -2.0563 0.0107772
27 1 -3.87835 -2.05587 0.0178433
28 1 -3.82836 -2.05495 0.0207118
29 1 -3.77837 -2.05393 0.0203328
30 1 -3.72838 -2.05292 0.0188025
31 1 -3.67839 -2.05196 0.014716
32 1 -3.6284 -2.05097 0.0167311
33 1 -3.57841 -2.05008 0.017367
34 1 -3.52842 -2.04934 0.0333044
35 1 -3.47845 -2.0475 0.0316957
36 1 -3.42847 -2.04606 0.0281214
37 1 -3.3785 -2.04444 0.0276292
38 1 -3.32851 -2.04327 0.0264648
39 1 -3.27853 -2.04208 0.0239044
40 1 -3.22854 -2.04108 0.0215546
41 1 -3.17855 -2.04023 0.00984515
42 1 -3.12855 -2.03974 0.0253968
43 1 -3.07857 -2.03834 0.0133195
44 1 -3.02857 -2.03769 0.0129651
45 1 -2.97858 -2.03686 -0.00749179
46 1 -2.92858 -2.03719 -0.0166645
47 1 -2.87859 -2.03813 -0.00504852
48 1 -2.82859 -2.03807 -0.00169407
49 1 -2.77859 -2.03812 -0.000539154
50 1 -2.72859 -2.03801 -0.0058669
51 1 -2.67859 -2.03808 0.00383765
52 1 -2.62859 -2.03757 0.00338897
53 1 -2.5786 -2.03712 0.0174542
54 1 -2.5286 -2.03627 0.0228982
55 1 -2.47861 -2.03533 0.0300457
56 1 -2.42864 -2.0338 0.0139163
57 1 -2.37864 -2.03336 0.0132492
58 1 -2.32864 -2.03269 0.00843075
59 1 -2.27865 -2.03254 0.00784614
60 1 -2.22865 -2.03217 0.0183427
61 1 -2.17865 -2.03147 0.0106594
62 1 -2.12865 -2.03093 0.0141623
63 1 -2.07866 -2.03002 0.01496
64 1 -2.02867 -2.02959 0.00908603
65 1 -1.97867 -2.02914 0.020063
66 1 -1.92868 -2.02814 0.0251161
67 1 -1.87869 -2.02738 0.0207964
68 1 -1.8287 -2.02636 0.023601
69 1 -1.77871 -2.02511 0.0187503
70 1 -1.72872 -2.02436 0.0316058
71 1 -1.67874 -2.0231 0.0285514
72 1 -1.62875 -2.02178 0.0284481
73 1 -1.57877 -2.02041 0.0130029
74 1 -1.52878 -2.01944 0.0112197
75 1 -1.47879 -2.01876 0.00399555
76 1 -1.42879 -2.01844 0.0109819
77 1 -1.37879 -2.01798 -0.00214301
78 1 -1.32879 -2.0181 -0.00318589
79 1 -1.27879 -2.01808 -0.00470367
80 1 -1.22879 -2.01798 -0.0105046
81 1 -1.1788 -2.0185 -0.0101525
82 1 -1.1288 -2.01874 -0.0108431
83 1 -1.0788 -2.0192 -0.01008
84 1 -1.0288 -2.01949 -0.0148888
85 1 -0.978807 -2.02031 -0.00977997
86 1 -0.928808 -2.02066 -0.0118292
87 1 -0.87881 -2.02109 -0.00784481
88 1 -0.828811 -2.02135 -0.00480762
89 1 -0.778812 -2.0213 -0.00236009
90 1 -0.728812 -2.02139 -0.00698752
91 1 -0.678813 -2.02148 -0.00733856
92 1 -0.628814 -2.02166 -0.00889689
93 1 -0.578815 -2.022 -0.0145233
94 1 -0.528818 -2.02243 -0.0273413
95 1 -0.478834 -2.02372 -0.0304136
96 1 -0.428858 -2.02527 -0.0207942
97 1 -0.378872 -2.02642 -0.0196555
98 1 -0.328885 -2.02756 -0.0217458
99 1 -0.278897 -2.02866 -0.0253219
100 1 -0.228912 -2.02989 -0.0308677
101 1 -0.178932 -2.03129 -0.0309386
102 1 -0.128965 -2.03309 -0.0241138
103 1 -0.078974 -2.03399 -0.0142397
104 1 -0.0289786 -2.03466 -0.00901505
105 1 0.0210203 -2.03496 -0.006472
106 1 0.071015 -2.03561 0.00687356
107 1 0.121014 -2.03531 0.0175489
108 1 0.171006 -2.0344 0.0228982
109 1 0.220994 -2.0333 0.00876988
110 1 0.270992 -2.0329 0.0179928
111 1 0.320988 -2.03235 0.0260851
112 1 0.370971 -2.03107 0.023661
113 1 0.420962 -2.03012 0.0201146
114 1 0.470955 -2.0293 0.0314604
115 1 0.520938 -2.02803 0.0271259
116 1 0.570923 -2.02685 0.025898
117 1 0.6209 -2.02534 0.0252467
118 1 0.670889 -2.02429 0.0219166
119 1 0.720881 -2.02341 0.01963
120 1 0.770871 -2.02246 0.0191305
121 1 0.820858 -2.02132 0.0239628
122 1 0.870838 -2.0199 0.0189354
123 1 0.92083 -2.01907 0.0301628
124 1 0.970813 -2.01774 0.0363717
125 1 1.02079 -2.01618 0.0468143
126 1 1.07073 -2.01376 0.0493813
127 1 1.12067 -2.01141 0.0580944
128 1 1.17058 -2.00829 0.0524391
129 1 1.22051 -2.00582 0.0460043
130 1 1.27046 -2.00346 0.0422437
131 1 1.32041 -2.00124 0.0450402
132 1 1.37036 -1.99897 0.0458814
133 1 1.42031 -1.99684 0.0373293
134 1 1.47026 -1.99462 0.0477155
135 1 1.52022 -1.99248 0.0474258
136 1 1.57015 -1.99 0.0377151
137 1 1.62013 -1.98841 0.0399476
138 1 1.67008 -1.98621 0.0483988
139 1 1.72002 -1.98372 0.0542471
140 1 1.76994 -1.98092 0.052152
141 1 1.81985 -1.97801 0.0472213
142 1 1.86981 -1.97592 0.0441919
143 1 1.91976 -1.97386 0.0321004
144 1 1.96974 -1.97238 0.0259713
145 1 2.01973 -1.97139 0.0311345
146 1 2.06971 -1.96979 0.0452036
147 1 2.11965 -1.96733 0.0507308
148 1 2.16957 -1.96457 0.0482107
149 1 2.21951 -1.96224 0.0509007
150 1 2.26946 -1.95992 0.0524275
151 1 2.3194 -1.95739 0.0651255
152 1 2.36928 -1.95396 0.0786447
153 1 2.41914 -1.95027 0.0838282
154 1 2.46897 -1.94614 0.0840797
155 1 2.5188 -1.94208 0.0734135
156 1 2.56867 -1.9384 0.0718596
157 1 2.61855 -1.93496 0.0608438
158 1 2.66844 -1.93168 0.0549283
159 1 2.71836 -1.92884 0.0562714
160 1 2.76827 -1.92582 0.0568532
161 1 2.8182 -1.9231 0.0566087
162 1 2.86811 -1.92025 0.0546274
163 1 2.91803 -1.91739 0.0547046
164 1 2.96794 -1.91442 0.0494134
165 1 3.01788 -1.912 0.0481065
166 1 3.06783 -1.90965 0.0503808
167 1 3.11777 -1.90719 0.0447829
168 1 3.16772 -1.90503 0.0568562
169 1 3.21765 -1.90228 0.0592694
170 1 3.26757 -1.8996 0.0551816
171 1 3.31749 -1.89667 0.0433383
172 1 3.36744 -1.89442 0.0477862
173 1 3.41739 -1.8922 0.0512846
174 1 3.46733 -1.88986 0.0472406
175 1 3.51726 -1.88723 0.0434698
176 1 3.5672 -1.88482 0.0253333
177 1 3.61719 -1.88358 0.0177926
178 1 3.66718 -1.88264 0.0133314
179 1 3.71717 -1.88173 0.0131892
180 1 3.76717 -1.88116 0.0207506
181 1 3.81716 -1.88022 0.0229123
182 1 3.86715 -1.87917 0.0234897
183 1 3.91713 -1.87783 0.0206358
184 1 3.96712 -1.87671 0.0176596
185 1 4.0171 -1.87542 0.0154051
186 1 4.06709 -1.87473 0.020494
187 1 4.11708 -1.87361 0.0259596
188 1 4.16705 -1.87197 0.0251888
189 1 4.21703 -1.87067 0.0237536
190 1 4.26702 -1.86964 0.0158385
191 1 4.31702 -1.86883 0.0188805
192 1 4.36701 -1.86794 0.0169029
193 1 4.41699 -1.86673 0.0191247
194 1 4.46698 -1.86577 0.0263227
195 1 4.51697 -1.86449 0.0167743
196 1 4.56696 -1.86366 0.015681
197 1 4.61695 -1.86249 0.0278049
198 1 4.66691 -1.86074 0.0291127
199 1 4.71689 -1.85934 0.0200384
200 1 4.76689 -1.85862 0.0198994
201 1 4.81688 -1.85779 0.0147053
202 1 4.86688 -1.85708 0.0128917
203 1 4.91687 -1.85641 0.0239108
204 1 4.96686 -1.8554 0.0272414
205 1 5.01685 -1.85433 0.0280771
206 1 5.06683 -1.85285 0.0389974
207 1 5.11679 -1.85095 0.0413005
208 1 5.16675 -1.8489 0.0431543
209 1 5.21671 -1.84693 0.0453552
210 1 5.26667 -1.84492 0.0541547
211 1 5.31658 -1.84198 0.0445005
212 1 5.36654 -1.83993 0.0384743
213 1 5.41651 -1.83811 0.0267541
214 1 5.46649 -1.83673 0.0375605
215 1 5.51646 -1.83503 0.0415538
216 1 5.56642 -1.83321 0.0522724
217 1 5.61635 -1.83043 0.0554144
218 1 5.66627 -1.82772 0.0517298
219 1 5.7162 -1.82502 0.0486086
220 1 5.76616 -1.82315 0.045668
221 1 5.81611 -1.82082 0.0478293
222 1 5.86604 -1.8182 0.0449956
223 1 5.91599 -1.81614 0.0491734
224 1 5.96593 -1.81365 0.0455064
225 1 6.01588 -1.81143 0.0417511
226 1 6.06584 -1.80939 0.0373406
227 1 6.11581 -1.8075 0.0362958
228 1 6.16577 -1.80552 0.0402592
229 1 6.21573 -1.80361 0.0346463
230 1 6.2657 -1.80196 0.0383221
231 1 6.31568 -1.80035 0.0295071
232 1 6.36566 -1.79916 0.0224856
233 1 6.41565 -1.79807 0.0218328
234 1 6.46564 -1.79716 0.0278165
235 1 6.51562 -1.79575 0.0297906
236 1 6.5656 -1.79419 0.0361281
237 1 6.61555 -1.79202 0.0332292
238 1 6.66553 -1.79055 0.0354211
239 1 6.71549 -1.78875 0.0286503
240 1 6.76547 -1.78729 0.0279293
241 1 6.81546 -1.78604 0.0396738
242 1 6.86541 -1.78397 0.0443213
243 1 6.91537 -1.7818 0.0460669
244 1 6.9653 -1.77931 0.0393817
245 1 7.01526 -1.77732 0.0398791
246 1 7.06521 -1.77501 0.0424003
247 1 7.11518 -1.77318 0.0451542
248 1 7.16511 -1.77062 0.044212
249 1 7.21507 -1.76878 0.0414597
250 1 7.26505 -1.76722 0.0299314
251 1 7.31502 -1.76562 0.0327508
252 1 7.36499 -1.76398 0.0315104
253 1 7.41497 -1.76231 0.0427177
254 1 7.46491 -1.75994 0.0500103
255 1 7.51484 -1.75728 0.0389349
256 1 7.5648 -1.75545 0.0341796
257 1 7.61477 -1.75369 0.0234811
258 1 7.66476 -1.75237 0.0379734
259 1 7.71471 -1.75029 0.0319089
260 1 7.76469 -1.7487 0.0470301
261 1 7.81463 -1.74627 0.0526211
262 1 7.86456 -1.74371 0.0482555
263 1 7.9145 -1.7413 0.0397563
264 1 7.96447 -1.73947 0.014878
265 1 8.01446 -1.73846 0.0233063
266 1 8.06444 -1.73697 0.0231728
267 1 8.11442 -1.73555 0.0219464
268 1 8.16441 -1.73461 0.0249647
269 1 8.2144 -1.73365 0.028574
270 1 8.26438 -1.7325 0.0343575
271 1 8.31436 -1.73097 0.0336892
272 1 8.36432 -1.72911 0.0333804
273 1 8.41429 -1.72725 0.0325103
274 1 8.46426 -1.72554 0.0184645
275 1 8.51425 -1.72446 0.0204318
276 1 8.56424 -1.72343 0.0227234
277 1 8.61422 -1.72228 0.0167368
278 1 8.66422 -1.72152 0.0253486
279 1 8.7142 -1.72016 0.0256177
280 1 8.76418 -1.71892 0.0210166
281 1 8.81416 -1.71757 0.0193362
282 1 8.86415 -1.7165 0.024466
283 1 8.91414 -1.7152 0.0332003
284 1 8.9641 -1.71325 0.0398806
285 1 9.01405 -1.71114 0.033038
286 1 9.06403 -1.70987 0.0365756
287 1 9.11401 -1.7082 0.0276007
288 1 9.16399 -1.70691 0.0374294
289 1 9.21395 -1.7049 0.0420889
290 1 9.2639 -1.7026 0.0418402
291 1 9.31385 -1.70054 0.0373539
292 1 9.36383 -1.69895 0.0419511
293 1 9.41377 -1.69658 0.0578819
294 1 9.4637 -1.69385 0.0552405
295 1 9.5136 -1.6908 0.05805
296 1 9.56351 -1.68771 0.0514138
297 1 9.61344 -1.68519 0.0526083
298 1 9.66338 -1.68267 0.0371124
299 1 9.71335 -1.68096 0.0366923
300 1 9.76331 -1.67909 0.0238475
301 1 9.8133 -1.67798 0.0333108
302 1 9.86328 -1.67653 0.0306062
303 1 9.91325 -1.67489 0.0378204
304 1 9.96322 -1.673 0.0373005
305 1 -9.98681 -1.67138 0.0364655
306 1 -9.93684 -1.66971 0.0371444
307 1 -9.88688 -1.6677 0.0459009
308 1 -9.83694 -1.66524 0.0441702
309 1 -9.78698 -1.66336 0.0472287
310 1 -9.73703 -1.66102 0.0508075
311 1 -9.68708 -1.65872 0.0533076
312 1 -9.63716 -1.6559 0.0399471
313 1 -9.58719 -1.65443 0.0413638
314 1 -9.53723 -1.65249 0.0377585
315 1 -9.48726 -1.65057 0.0439888
316 1 -9.43732 -1.64827 0.0461255
317 1 -9.38738 -1.6458 0.0428196
318 1 -9.33742 -1.64386 0.0444319
319 1 -9.28748 -1.64141 0.0408894
320 1 -9.23752 -1.6394 0.0354068
321 1 -9.18757 -1.63717 0.0327198
322 1 -9.13759 -1.63574 0.0268011
323 1 -9.08761 -1.63449 0.0217944
324 1 -9.03762 -1.63328 0.0112231
325 1 -8.98762 -1.6332 0.0209295
326 1 -8.93763 -1.6323 0.0208318
327 1 -8.88764 -1.6313 0.0244369
328 1 -8.83767 -1.62965 0.023175
329 1 -8.78769 -1.62839 0.0214944
330 1 -8.7377 -1.62728 0.0182286
331 1 -8.68771 -1.6262 0.0161082
332 1 -8.63772 -1.62547 0.00521555
333 1 -8.58772 -1.62516 -0.000168466
334 1 -8.53772 -1.62551 0.00335966
335 1 -8.48772 -1.62534 0.00579182
336 1 -8.43772 -1.62472 0.000492667
337 1 -8.38773 -1.62495 0.00732103
338 1 -8.33773 -1.6246 -0.006433
339 1 -8.28773 -1.62477 0.0013002
340 1 -8.23773 -1.62498 0.0287471
341 1 -8.18774 -1.62373 0.0255552
342 1 -8.13776 -1.62251 0.0276811
343 1 -8.08778 -1.62122 0.0118264
344 1 -8.03778 -1.62052 0.0114789
345 1 -7.98779 -1.6198 0.0156113
346 1 -7.93779 -1.61905 0.0151604
347 1 -7.8878 -1.618 0.0192588
348 1 -7.83781 -1.61703 0.0140255
349 1 -7.78782 -1.61628 0.0208161
350 1 -7.73783 -1.6151 0.02551
351 1 -7.68785 -1.61395 0.0234477
352 1 -7.63786 -1.61276 0.0298918
353 1 -7.58788 -1.61131 0.0485067
354 1 -7.53794 -1.60885 0.0470906
355 1 -7.488 -1.60638 0.0463751
356 1 -7.43806 -1.60393 0.0447243
357 1 -7.38811 -1.60178 0.0402159
358 1 -7.33816 -1.59965 0.0334945
359 1 -7.28819 -1.59784 0.0400071
360 1 -7.23823 -1.5958 0.0339263
361 1 -7.18826 -1.59399 0.0399985
362 1 -7.1383 -1.592 0.0376374
363 1 -7.08834 -1.59019 0.0366772
364 1 -7.03837 -1.58848 0.046631
365 1 -6.98842 -1.58613 0.0482211
366 1 -6.93848 -1.58377 0.045958
367 1 -6.88853 -1.58146 0.0516217
368 1 -6.8386 -1.57886 0.0600125
369 1 -6.78868 -1.5759 0.0684636
370 1 -6.73883 -1.57216 0.066203
371 1 -6.68893 -1.56888 0.0740889
372 1 -6.63906 -1.56527 0.0806014
373 1 -6.58922 -1.56137 0.0816709
374 1 -6.53937 -1.55742 0.0858382
375 1 -6.48955 -1.55325 0.0751567
376 1 -6.43967 -1.54971 0.0632607
377 1 -6.38976 -1.5468 0.0657396
378 1 -6.33987 -1.54348 0.0645407
379 1 -6.28999 -1.54001 0.0628292
380 1 -6.24011 -1.53659 0.0634021
381 1 -6.1902 -1.5336 0.069371
382 1 -6.14034 -1.52991 0.0734929
383 1 -6.09048 -1.52613 0.0771674
384 1 -6.04066 -1.52189 0.0689568
385 1 -5.9908 -1.51819 0.0736632
386 1 -5.94094 -1.51446 0.0755743
387 1 -5.89106 -1.51093 0.077949
388 1 -5.84122 -1.50701 0.0712876
389 1 -5.79134 -1.50354 0.0685022
390 1 -5.74144 -1.50041 0.071546
391 1 -5.69157 -1.49675 0.063834
392 1 -5.64166 -1.49379 0.0686773
393 1 -5.59177 -1.49042 0.0698143
394 1 -5.5419 -1.4869 0.0662232
395 1 -5.49201 -1.48346 0.0729971
396 1 -5.44215 -1.47976 0.0661002
397 1 -5.39227 -1.47638 0.0595565
398 1 -5.34236 -1.47337 0.0509095
399 1 -5.29243 -1.47071 0.0534614
400 1 -5.2425 -1.46802 0.0521367
401 1 -5.19257 -1.46533 0.0528062
402 1 -5.14263 -1.46307 0.0572995
403 1 -5.09271 -1.4602 0.0632271
404 1 -5.0428 -1.45715 0.0728693
405 1 -4.99292 -1.45363 0.0627739
406 1 -4.94301 -1.45072 0.0701058
407 1 -4.89313 -1.44728 0.0677501
408 1 -4.84325 -1.44374 0.0725056
409 1 -4.79337 -1.44028 0.0568396
410 1 -4.74345 -1.43751 0.0538009
411 1 -4.69353 -1.4347 0.048729
412 1 -4.64359 -1.43224 0.047595
413 1 -4.59365 -1.42986 0.0367712
414 1 -4.54368 -1.42793 0.0343368
415 1 -4.49371 -1.42624 0.0437337
416 1 -4.44378 -1.42372 0.0417814
417 1 -4.39382 -1.42157 0.0416555
418 1 -4.34387 -1.4194 0.0329694
419 1 -4.2939 -1.4177 0.0276436
420 1 -4.24392 -1.41638 0.029303
421 1 -4.19393 -1.41523 0.0350101
422 1 -4.14396 -1.41367 0.0359333
423 1 -4.094 -1.41169 0.0391153
424 1 -4.04404 -1.40952 0.0485334
425 1 -3.99411 -1.407 0.0459645
426 1 -3.94415 -1.40501 0.0427548
427 1 -3.8942 -1.40281 0.0340195
428 1 -3.84422 -1.40114 0.0350941
429 1 -3.79425 -1.39969 0.0321637
430 1 -3.74426 -1.3984 0.0284972
431 1 -3.69429 -1.39696 0.0272992
432 1 -3.64431 -1.39531 0.03744
433 1 -3.59435 -1.39336 0.0356368
434 1 -3.54437 -1.39219 0.0401603
435 1 -3.4944 -1.39043 0.0517634
436 1 -3.44447 -1.3878 0.0460868
437 1 -3.39451 -1.38586 0.0456045
438 1 -3.34456 -1.38367 0.0610927
439 1 -3.29465 -1.38054 0.0633133
440 1 -3.24474 -1.37754 0.0583976
441 1 -3.19484 -1.37449 0.0643475
442 1 -3.14494 -1.37123 0.0584347
443 1 -3.09503 -1.3683 0.0602562
444 1 -3.04512 -1.36539 0.0558779
445 1 -2.9952 -1.36256 0.0714798
446 1 -2.94533 -1.35886 0.0735684
447 1 -2.8955 -1.35479 0.0738402
448 1 -2.84563 -1.35116 0.0656441
449 1 -2.79572 -1.34819 0.068875
450 1 -2.74582 -1.345 0.0705721
451 1 -2.69594 -1.34165 0.0720808
452 1 -2.64608 -1.33789 0.0670415
453 1 -2.5962 -1.33435 0.0543007
454 1 -2.54629 -1.33146 0.0587623
455 1 -2.49636 -1.32878 0.0603601
456 1 -2.44646 -1.32559 0.0717701
457 1 -2.39661 -1.32179 0.0763966
458 1 -2.34677 -1.31773 0.0664053
459 1 -2.29688 -1.31448 0.0611792
460 1 -2.24697 -1.3115 0.0580848
461 1 -2.19707 -1.3083 0.0531989
462 1 -2.14713 -1.30581 0.064988
463 1 -2.09724 -1.30255 0.0495008
464 1 -2.0473 -1.30007 0.0421134
465 1 -1.99734 -1.29807 0.0351576
466 1 -1.94738 -1.29623 0.0486894
467 1 -1.89743 -1.29394 0.0616403
468 1 -1.84752 -1.29088 0.0430929
469 1 -1.79756 -1.28885 0.0507444
470 1 -1.74762 -1.28642 0.055233
471 1 -1.69771 -1.28354 0.0599183
472 1 -1.6478 -1.28044 0.046526
473 1 -1.59786 -1.27797 0.0481106
474 1 -1.54791 -1.27592 0.0338738
475 1 -1.49794 -1.27416 0.0335741
476 1 -1.44798 -1.27224 0.0286091
477 1 -1.39799 -1.27093 0.0292596
478 1 -1.34801 -1.26974 0.0298786
479 1 -1.29803 -1.26837 0.0251029
480 1 -1.24805 -1.26686 0.0301415
481 1 -1.19807 -1.2653 0.0347505
482 1 -1.14811 -1.26354 0.0371161
483 1 -1.09814 -1.2616 0.0308885
484 1 -1.04816 -1.26017 0.0219148
485 1 -0.99818 -1.25893 0.00962315
486 1 -0.948182 -1.25849 0.0145576
487 1 -0.898186 -1.2578 0.0195615
488 1 -0.848194 -1.25694 0.0137825
489 1 -0.798202 -1.25607 0.0120811
490 1 -0.748204 -1.25569 0.0123499
491 1 -0.698207 -1.25511 0.0198138
492 1 -0.648214 -1.25433 0.0161112
493 1 -0.598227 -1.25323 0.0233237
494 1 -0.548241 -1.25202 0.0235452
495 1 -0.498253 -1.25096 0.0255248
496 1 -0.448269 -1.2497 0.0204064
497 1 -0.398281 -1.24857 0.00989542
498 1 -0.348283 -1.24828 0.0036994
499 1 -0.298285 -1.24784 0.00125446
500 1 -0.248286 -1.24772 -0.000897522
501 1 -0.198287 -1.2475 -0.000160205
502 1 -0.148287 -1.24734 -0.000281779
503 1 -0.0982877 -1.24749 -0.00755329
504 1 -0.0482884 -1.24764 -0.00389139
505 1 0.00171027 -1.2475 -0.00808036
506 1 0.0517083 -1.24795 -0.00760691
507 1 0.101707 -1.24823 -0.00579751
508 1 0.151707 -1.24833 -0.0022676
509 1 0.201707 -1.24835 -0.0104993
510 1 0.251705 -1.24874 -0.011906
511 1 0.301701 -1.24938 -0.00434924
512 1 0.3517 -1.24925 0.00315977
513 1 0.401696 -1.24876 0.0157497
514 1 0.451686 -1.24778 0.017197
515 1 0.501679 -1.24693 0.0112845
516 1 0.551676 -1.24642 -0.0026955
517 1 0.601676 -1.24653 -0.027966
518 1 0.651656 -1.24795 -0.02338
519 1 0.701642 -1.24913 -0.0260301
520 1 0.751628 -1.2503 -0.0310232
521 1 0.801604 -1.25186 -0.0367452
522 1 0.851575 -1.25355 -0.0434208
523 1 0.901528 -1.25571 -0.0425174
524 1 0.951477 -1.25797 -0.0505113
525 1 1.00142 -1.26033 -0.0419216
526 1 1.05138 -1.26244 -0.0391238
527 1 1.10133 -1.26463 -0.0538004
528 1 1.15126 -1.26724 -0.0557733
529 1 1.20118 -1.27 -0.055278
530 1 1.25111 -1.2728 -0.0405957
531 1 1.30106 -1.27496 -0.0329896
532 1 1.35103 -1.27655 -0.0374946
533 1 1.401 -1.27832 -0.0324539
534 1 1.45096 -1.28026 -0.021673
535 1 1.50095 -1.28116 -0.00949123
536 1 1.55095 -1.28188 -0.00355659
537 1 1.60095 -1.28188 -0.00794165
538 1 1.65094 -1.28256 -0.0127687
539 1 1.70094 -1.28323 -0.0107446
540 1 1.75093 -1.28393 -0.0114496
541 1 1.80093 -1.28459 -0.00805248
542 1 1.85093 -1.28518 -0.0182185
543 1 1.90091 -1.28624 -0.0321032
544 1 1.95089 -1.28786 -0.0364626
545 1 2.00085 -1.2897 -0.0468332
546 1 2.05081 -1.29177 -0.0485819
547 1 2.10075 -1.29429 -0.0562403
548 1 2.15068 -1.29695 -0.0542002
549 1 2.20061 -1.29957 -0.0596354
550 1 2.25053 -1.30236 -0.0715722
551 1 2.30039 -1.30607 -0.0763006
552 1 2.35025 -1.30985 -0.0712345
553 1 2.40009 -1.31376 -0.0718768
554 1 2.44997 -1.31727 -0.0734502
555 1 2.49984 -1.3208 -0.0932396
556 1 2.54965 -1.32521 -0.0952831
557 1 2.59944 -1.32974 -0.089919
558 1 2.64925 -1.33415 -0.0889981
559 1 2.69905 -1.33856 -0.0972537
560 1 2.74882 -1.34341 -0.0906449
561 1 2.79862 -1.34781 -0.0886423
562 1 2.84843 -1.35216 -0.0906769
563 1 2.89824 -1.35659 -0.0820999
564 1 2.94809 -1.36047 -0.0733641
565 1 2.99792 -1.36451 -0.0738115
566 1 3.04777 -1.36842 -0.0771334
567 1 3.0976 -1.37247 -0.0728307
568 1 3.14745 -1.37633 -0.0791091
569 1 3.19728 -1.38052 -0.0745861
570 1 3.24713 -1.3844 -0.0777991
571 1 3.29696 -1.3885 -0.0859543
572 1 3.3468 -1.39238 -0.089541
573 1 3.39663 -1.39657 -0.0833661
574 1 3.44645 -1.40078 -0.0848905
575 1 3.49629 -1.40482 -0.0810716
576 1 3.54613 -1.40871 -0.0942318
577 1 3.59594 -1.41314 -0.0891806
578 1 3.64575 -1.4174 -0.0861218
579 1 3.69557 -1.42171 -0.0903835
580 1 3.74539 -1.4259 -0.0932508
581 1 3.79517 -1.43064 -0.115528
582 1 3.84484 -1.43638 -0.11518
583 1 3.89448 -1.44231 -0.11218
584 1 3.94418 -1.44783 -0.113972
585 1 3.99386 -1.45346 -0.119145
586 1 4.04353 -1.45921 -0.116566
587 1 4.09319 -1.46498 -0.120068
588 1 4.14285 -1.47086 -0.115776
589 1 4.19251 -1.47664 -0.124752
590 1 4.24215 -1.48266 -0.129826
591 1 4.29176 -1.48889 -0.128966
592 1 4.34131 -1.49552 -0.127765
593 1 4.39092 -1.50179 -0.12642
594 1 4.44053 -1.50805 -0.136213
595 1 4.49007 -1.51477 -0.144374
596 1 4.53954 -1.52204 -0.142132
597 1 4.58907 -1.52888 -0.148316
598 1 4.63853 -1.5362 -0.13143
599 1 4.68808 -1.54289 -0.125009
600 1 4.73764 -1.54951 -0.130302
601 1 4.78724 -1.55581 -0.129864
602 1 4.83681 -1.56233 -0.126991
603 1 4.88642 -1.56857 -0.127775
604 1 4.93601 -1.57498 -0.117734
605 1 4.98565 -1.58099 -0.122495
606 1 5.03525 -1.58728 -0.127203
607 1 5.08485 -1.59363 -0.125466
608 1 5.13445 -1.59991 -0.130089
609 1 5.184 -1.60662 -0.139934
610 1 5.23346 -1.61391 -0.144214
611 1 5.28295 -1.62104 -0.138973
612 1 5.33245 -1.62808 -0.132874
613 1 5.38206 -1.63436 -0.132305
614 1 5.43159 -1.64113 -0.13245
615 1 5.48116 -1.64771 -0.118764
616 1 5.53083 -1.65345 -0.123736
617 1 5.58045 -1.65956 -0.123719
618 1 5.63008 -1.6657 -0.130992
619 1 5.67964 -1.6723 -0.135544
620 1 5.72917 -1.67914 -0.130576
621 1 5.77872 -1.68585 -0.128453
622 1 5.82832 -1.69211 -0.125059
623 1 5.87788 -1.69873 -0.121421
624 1 5.92749 -1.70497 -0.123825
625 1 5.97713 -1.71094 -0.131483
626 1 6.0267 -1.71751 -0.133755
627 1 6.07626 -1.72407 -0.122318
628 1 6.12588 -1.73024 -0.117163
629 1 6.17552 -1.73621 -0.115523
630 1 6.22521 -1.74182 -0.122079
631 1 6.27482 -1.74804 -0.110418
632 1 6.32451 -1.75357 -0.105263
633 1 6.37424 -1.7588 -0.111175
634 1 6.42391 -1.76449 -0.112289
635 1 6.4736 -1.77011 -0.125674
636 1 6.52318 -1.77656 -0.122901
637 1 6.57278 -1.78286 -0.125075
638 1 6.6224 -1.78902 -0.122736
639 1 6.67201 -1.79527 -0.120825
640 1 6.72164 -1.80132 -0.126624
641 1 6.77125 -1.80753 -0.133292
642 1 6.82081 -1.81417 -0.137719
643 1 6.87027 -1.82147 -0.138994
644 1 6.91976 -1.82857 -0.137527
645 1 6.9693 -1.83538 -0.137058
646 1 7.01882 -1.84224 -0.133366
647 1 7.06839 -1.84885 -0.133526
648 1 7.11796 -1.85539 -0.123619
649 1 7.16758 -1.86148 -0.126381
650 1 7.21721 -1.86761 -0.131634
651 1 7.26678 -1.87411 -0.125152
652 1 7.31635 -1.88064 -0.128613
653 1 7.36597 -1.8868 -0.121762
654 1 7.41561 -1.89277 -0.115003
655 1 7.46527 -1.89864 -0.118461
656 1 7.5149 -1.90473 -0.126267
657 1 7.5645 -1.91102 -0.131878
658 1 7.61409 -1.91742 -0.133634
659 1 7.66364 -1.92411 -0.141155
660 1 7.71314 -1.93117 -0.147573
661 1 7.76255 -1.93882 -0.151569
662 1 7.81196 -1.94643 -0.144809
663 1 7.86147 -1.95342 -0.13838
664 1 7.91099 -1.96037 -0.134118
665 1 7.96053 -1.96711 -0.13029
666 1 8.01012 -1.97347 -0.120784
667 1 8.05974 -1.97966 -0.121064
668 1 8.10937 -1.98571 -0.118385
669 1 8.15899 -1.99187 -0.11058
670 1 8.20866 -1.99757 -0.0977461
671 1 8.25844 -2.00228 -0.0919679
672 1 8.30821 -2.00708 -0.0944369
673 1 8.358 -2.0116 -0.0957053
674 1 8.40778 -2.01637 -0.101802
675 1 8.4575 -2.02159 -0.10494
676 1 8.50722 -2.0269 -0.103478
677 1 8.55696 -2.03201 -0.104439
678 1 8.60671 -2.03697 -0.120209
679 1 8.65636 -2.0429 -0.120172
680 1 8.70601 -2.04883 -0.122729
681 1 8.75561 -2.05513 -0.116175
682 1 8.80531 -2.06055 -0.127217
683 1 8.85493 -2.06668 -0.123933
684 1 8.9046 -2.07245 -0.125299
685 1 8.95426 -2.07826 -0.128599
686 1 9.00387 -2.08448 -0.133373
687 1 9.05342 -2.09114 -0.132415
688 1 9.10296 -2.09794 -0.141011
689 1 9.1525 -2.1047 -0.136378
690 1 9.20204 -2.11145 -0.125083
691 1 9.25164 -2.11774 -0.123869
692 1 9.30126 -2.1239 -0.111808
693 1 9.35094 -2.12953 -0.109961
694 1 9.40062 -2.13519 -0.107158
695 1 9.45032 -2.14071 -0.110277
696 1 9.50002 -2.14618 -0.0918857
697 1 9.54981 -2.15076 -0.0925987
698 1 9.59959 -2.15543 -0.100861
699 1 9.64932 -2.16055 -0.100783
700 1 9.69905 -2.16574 -0.100686
701 1 9.74879 -2.17089 -0.0917138
702 1 9.79858 -2.17543 -0.0827018
703 1 9.84844 -2.1792 -0.0898418
704 1 9.89825 -2.18352 -0.100929
705 1 9.948 -2.18847 -0.0893936
706 1 9.99782 -2.19278 -0.103557
707 1 -9.95247 -2.19813 -0.101817
708 1 -9.90273 -2.2032 -0.0983028
709 1 -9.85298 -2.20826 -0.0839123
710 1 -9.80317 -2.21259 -0.0677431
711 1 -9.75329 -2.21605 -0.0648053
712 1 -9.70339 -2.21923 -0.0564995
713 1 -9.65347 -2.22204 -0.0584782
714 1 -9.60356 -2.22491 -0.0579995
715 1 -9.55363 -2.22762 -0.0632089
716 1 -9.50372 -2.23071 -0.0559954
717 1 -9.45379 -2.23335 -0.047194
718 1 -9.40384 -2.23542 -0.0502368
719 1 -9.35392 -2.23819 -0.0484629
720 1 -9.30398 -2.24063 -0.0463257
721 1 -9.25402 -2.2427 -0.0490516
722 1 -9.20407 -2.24502 -0.0468564
723 1 -9.15412 -2.24728 -0.0365101
724 1 -9.10416 -2.24912 -0.0428505
725 1 -9.0542 -2.25125 -0.042022
726 1 -9.00425 -2.25339 -0.0389968
727 1 -8.95428 -2.2552 -0.0484467
728 1 -8.90435 -2.25781 -0.0399767
729 1 -8.85439 -2.25977 -0.030486
730 1 -8.80441 -2.26116 -0.0326797
731 1 -8.75444 -2.26286 -0.0341684
732 1 -8.70447 -2.26474 -0.0384203
733 1 -8.6545 -2.26647 -0.0488237
734 1 -8.60457 -2.26901 -0.0431407
735 1 -8.55464 -2.27158 -0.0412453
736 1 -8.50468 -2.27366 -0.0571809
737 1 -8.45476 -2.27647 -0.047785
738 1 -8.40482 -2.27885 -0.0523456
739 1 -8.35487 -2.28123 -0.0580339
740 1 -8.30496 -2.28421 -0.0576697
741 1 -8.25505 -2.28711 -0.059129
742 1 -8.20514 -2.29019 -0.0657204
743 1 -8.15524 -2.29336 -0.0723559
744 1 -8.10537 -2.29691 -0.0882302
745 1 -8.05557 -2.30143 -0.0872728
746 1 -8.00576 -2.30578 -0.0862173
747 1 -7.95594 -2.31 -0.0923968
748 1 -7.90616 -2.31467 -0.0920934
749 1 -7.85637 -2.31924 -0.0823097
750 1 -7.80655 -2.32347 -0.0843228
751 1 -7.75672 -2.32759 -0.087584
752 1 -7.70691 -2.33202 -0.0882454
753 1 -7.65712 -2.33659 -0.0843325
754 1 -7.60731 -2.34091 -0.0971925
755 1 -7.55753 -2.34561 -0.103612
756 1 -7.50783 -2.35105 -0.108997
757 1 -7.45811 -2.35628 -0.104724
758 1 -7.40838 -2.36154 -0.118284
759 1 -7.35875 -2.36757 -0.121175
760 1 -7.30911 -2.37357 -0.130575
761 1 -7.25954 -2.3801 -0.135251
762 1 -7.20996 -2.38662 -0.124107
763 1 -7.16038 -2.39306 -0.111355
764 1 -7.11064 -2.39816 -0.110835
765 1 -7.06094 -2.40358 -0.114573
766 1 -7.01125 -2.40915 -0.110296
767 1 -6.96152 -2.4143 -0.0976345
768 1 -6.91177 -2.41928 -0.0961014
769 1 -6.86202 -2.42429 -0.0824873
770 1 -6.81218 -2.42829 -0.0819946
771 1 -6.76233 -2.43216 -0.0929698
772 1 -6.71255 -2.43687 -0.0905477
773 1 -6.66277 -2.44151 -0.0884815
774 1 -6.61296 -2.44583 -0.0849865
775 1 -6.56314 -2.45008 -0.0708142
776 1 -6.51325 -2.45337 -0.0750065
777 1 -6.46338 -2.45706 -0.071153
778 1 -6.4135 -2.46048 -0.0709914
779 1 -6.36364 -2.46418 -0.0796601
780 1 -6.31377 -2.46776 -0.0729103
781 1 -6.26391 -2.4715 -0.0717133
782 1 -6.21402 -2.47491 -0.0777936
783 1 -6.1642 -2.47911 -0.0787097
784 1 -6.11436 -2.48307 -0.0751222
785 1 -6.06448 -2.48662 -0.0825272
786 1 -6.01464 -2.49055 -0.0747174
787 1 -5.96479 -2.49439 -0.0705108
788 1 -5.91493 -2.49819 -0.0605951
789 1 -5.86502 -2.50109 -0.0562374
790 1 -5.81509 -2.50387 -0.0429394
791 1 -5.76514 -2.50609 -0.0477708
792 1 -5.7152 -2.50849 -0.0499543
793 1 -5.66525 -2.51068 -0.067497
794 1 -5.61535 -2.51387 -0.0724817
795 1 -5.56551 -2.51781 -0.080548
796 1 -5.51564 -2.52144 -0.0883361
797 1 -5.46583 -2.52577 -0.0947879
798 1 -5.41607 -2.53066 -0.0904708
799 1 -5.36629 -2.53536 -0.0880189
800 1 -5.3165 -2.53996 -0.0914756
801 1 -5.26672 -2.54464 -0.0949332
802 1 -5.21696 -2.54953 -0.0868903
803 1 -5.16718 -2.55417 -0.0849247
804 1 -5.11737 -2.55847 -0.0845578
805 1 -5.06754 -2.56267 -0.0853556
806 1 -5.01772 -2.56685 -0.0845158
807 1 -4.9679 -2.57116 -0.0895516
808 1 -4.9181 -2.57559 -0.0793621
809 1 -4.86824 -2.57926 -0.0883332
810 1 -4.81841 -2.58342 -0.0863043
811 1 -4.76859 -2.58771 -0.0871638
812 1 -4.71878 -2.59205 -0.0852303
813 1 -4.66898 -2.59652 -0.0806091
814 1 -4.61915 -2.60059 -0.0785175
815 1 -4.56931 -2.60458 -0.0788041
816 1 -4.51947 -2.60856 -0.0902854
817 1 -4.46967 -2.61305 -0.0768884
818 1 -4.41982 -2.61697 -0.0818596
819 1 -4.36998 -2.62087 -0.0790377
820 1 -4.32013 -2.62484 -0.0875075
821 1 -4.27033 -2.62923 -0.091047
822 1 -4.22052 -2.6336 -0.0938499
823 1 -4.17074 -2.63834 -0.0991257
824 1 -4.12098 -2.64318 -0.105765
825 1 -4.07127 -2.64852 -0.10473
826 1 -4.02156 -2.6539 -0.10076
827 1 -3.97181 -2.65895 -0.110336
828 1 -3.92211 -2.66436 -0.10998
829 1 -3.8724 -2.66979 -0.114161
830 1 -3.82272 -2.67541 -0.121625
831 1 -3.77308 -2.68143 -0.116248
832 1 -3.72341 -2.68711 -0.127838
833 1 -3.67381 -2.69345 -0.117889
834 1 -3.62415 -2.6993 -0.122383
835 1 -3.57452 -2.70533 -0.134666
836 1 -3.52498 -2.71215 -0.129651
837 1 -3.47538 -2.71839 -0.139328
838 1 -3.42589 -2.72556 -0.138362
839 1 -3.37636 -2.73238 -0.135559
840 1 -3.32679 -2.73891 -0.133836
841 1 -3.27721 -2.7454 -0.133042
842 1 -3.22771 -2.75241 -0.13027
843 1 -3.17818 -2.75926 -0.143734
844 1 -3.1287 -2.76643 -0.143649
845 1 -3.07921 -2.77355 -0.135496
846 1 -3.0297 -2.78052 -0.133145
847 1 -2.98013 -2.78711 -0.134119
848 1 -2.93053 -2.79343 -0.132656
849 1 -2.88096 -2.79997 -0.138812
850 1 -2.83147 -2.80704 -0.126649
851 1 -2.78185 -2.81319 -0.130631
852 1 -2.73227 -2.81966 -0.138764
853 1 -2.68275 -2.8266 -0.131651
854 1 -2.63319 -2.83324 -0.132449
855 1 -2.58363 -2.83985 -0.131759
856 1 -2.53406 -2.84635 -0.127901
857 1 -2.48442 -2.85231 -0.118868
858 1 -2.43476 -2.85813 -0.114817
859 1 -2.38508 -2.86382 -0.109818
860 1 -2.33535 -2.86901 -0.110411
861 1 -2.28566 -2.87455 -0.108464
862 1 -2.23592 -2.87967 -0.108414
863 1 -2.18625 -2.88533 -0.103028
864 1 -2.13652 -2.89057 -0.11752
865 1 -2.08688 -2.89654 -0.129327
866 1 -2.03728 -2.90288 -0.131881
867 1 -1.98773 -2.90953 -0.132308
868 1 -1.93814 -2.91594 -0.127883
869 1 -1.88853 -2.92216 -0.126716
870 1 -1.83894 -2.92853 -0.135368
871 1 -1.78941 -2.93541 -0.134383
872 1 -1.73989 -2.94232 -0.124874
873 1 -1.69031 -2.94874 -0.114307
874 1 -1.64064 -2.95453 -0.121735
875 1 -1.59099 -2.96041 -0.130324
876 1 -1.5414 -2.96683 -0.129642
877 1 -1.49184 -2.97343 -0.13198
878 1 -1.44226 -2.97986 -0.142364
879 1 -1.39273 -2.98671 -0.134512
880 1 -1.34317 -2.99338 -0.142629
881 1 -1.29365 -3.00027 -0.139808
882 1 -1.24415 -3.00732 -0.139333
883 1 -1.19465 -3.01437 -0.135952
884 1 -1.1451 -3.02108 -0.146689
885 1 -1.09561 -3.02814 -0.141198
886 1 -1.04609 -3.03505 -0.142383
887 1 -0.996583 -3.04208 -0.140201
888 1 -0.947064 -3.049 -0.135
889 1 -0.897516 -3.05571 -0.13526
890 1 -0.847951 -3.06229 -0.13407
891 1 -0.798395 -3.06894 -0.128523
892 1 -0.748779 -3.07512 -0.126475
893 1 -0.699202 -3.0816 -0.127824
894 1 -0.649592 -3.08784 -0.11696
895 1 -0.599951 -3.09381 -0.121679
896 1 -0.550303 -3.09974 -0.124697
897 1 -0.500725 -3.10621 -0.130319
898 1 -0.451144 -3.11267 -0.122423
899 1 -0.401519 -3.11878 -0.122336
900 1 -0.351894 -3.1249 -0.125764
901 1 -0.302292 -3.13119 -0.118164
902 1 -0.252631 -3.13701 -0.109895
903 1 -0.20294 -3.14256 -0.107239
904 1 -0.153221 -3.14784 -0.0997255
905 1 -0.103487 -3.15299 -0.093024
906 1 -0.0537266 -3.15788 -0.0865829
907 1 -0.00393359 -3.16242 -0.095377
908 1 0.045849 -3.16707 -0.096053
909 1 0.0956077 -3.17198 -0.0905309
910 1 0.145419 -3.17631 -0.0856886
911 1 0.19525 -3.18042 -0.0937713
912 1 0.245038 -3.18501 -0.0868168
913 1 0.294863 -3.1892 -0.0887961
914 1 0.344678 -3.1935 -0.0954877
915 1 0.394447 -3.19829 -0.0829613
916 1 0.444284 -3.20232 -0.0877043
917 1 0.494101 -3.2066 -0.103028
918 1 0.543854 -3.21156 -0.111846
919 1 0.593523 -3.2173 -0.115099
920 1 0.643211 -3.22287 -0.105496
921 1 0.692922 -3.22824 -0.10535
922 1 0.742647 -3.23348 -0.0997143
923 1 0.792397 -3.23847 -0.104372
924 1 0.842131 -3.24363 -0.118897
925 1 0.89175 -3.24978 -0.118569
926 1 0.941365 -3.25596 -0.121462
927 1 0.991004 -3.26196 -0.118822
928 1 1.04065 -3.26793 -0.122479
929 1 1.09028 -3.27401 -0.112688
930 1 1.13996 -3.27962 -0.115382
931 1 1.18961 -3.2855 -0.11301
932 1 1.23928 -3.29126 -0.11581
933 1 1.28892 -3.2972 -0.116995
934 1 1.33854 -3.30335 -0.10339
935 1 1.38827 -3.30859 -0.102713
936 1 1.43801 -3.31366 -0.0880683
937 1 1.4878 -3.31825 -0.0866696
938 1 1.53764 -3.32222 -0.0862559
939 1 1.58744 -3.32669 -0.0760966
940 1 1.63731 -3.33034 -0.0802194
941 1 1.68715 -3.33431 -0.0833495
942 1 1.73699 -3.33832 -0.0853581
943 1 1.78681 -3.34253 -0.0758841
944 1 1.83667 -3.34632 -0.0787262
945 1 1.88654 -3.34984 -0.0851873
946 1 1.93637 -3.35391 -0.0777641
947 1 1.9862 -3.35806 -0.079079
948 1 2.03604 -3.36211 -0.085637
949 1 2.08584 -3.36652 -0.077903
950 1 2.1357 -3.37023 -0.0664171
951 1 2.18558 -3.3737 -0.0654174
952 1 2.23548 -3.37685 -0.055279
953 1 2.2854 -3.37966 -0.0435162
954 1 2.33535 -3.38197 -0.050839
955 1 2.38529 -3.38442 -0.0468911
956 1 2.43523 -3.38679 -0.0338991
957 1 2.48519 -3.38888 -0.0358508
958 1 2.53516 -3.39046 -0.038334
959 1 2.58513 -3.39216 -0.0407624
960 1 2.63508 -3.3945 -0.0440983
961 1 2.68502 -3.39697 -0.0331633
962 1 2.73498 -3.39881 -0.0250343
963 1 2.78497 -3.39982 -0.0291461
964 1 2.83495 -3.40125 -0.0123379
965 1 2.88495 -3.40179 -0.00899243
966 1 2.93495 -3.40215 -0.000276988
967 1 2.98495 -3.40227 0.00618771
968 1 3.03494 -3.40165 0.00476671
969 1 3.08494 -3.40142 -0.0128225
970 1 3.13493 -3.40219 -0.0119343
971 1 3.18493 -3.40297 -0.0166744
972 1 3.23492 -3.40363 -0.0149921
973 1 3.28492 -3.40416 -0.0172689
974 1 3.33491 -3.40499 -0.0299512
975 1 3.38489 -3.40655 -0.0273746
976 1 3.43486 -3.40816 -0.0335373
977 1 3.48483 -3.40994 -0.0339208
978 1 3.53481 -3.41132 -0.0281799
979 1 3.5848 -3.41226 -0.0155773
980 1 3.63479 -3.41318 -0.0273056
981 1 3.68478 -3.41445 -0.0331105
982 1 3.73474 -3.41629 -0.0313845
983 1 3.78472 -3.41789 -0.0316036
984 1 3.8347 -3.41926 -0.0260709
985 1 3.88468 -3.4204 -0.0234298
986 1 3.93466 -3.42186 -0.0323885
987 1 3.98463 -3.42365 -0.0328304
988 1 4.0346 -3.42532 -0.0241282
989 1 4.08458 -3.42676 -0.0309488
990 1 4.13455 -3.42841 -0.0360529
991 1 4.18451 -3.43033 -0.0301226
992 1 4.2345 -3.43159 -0.0326666
993 1 4.28447 -3.43324 -0.0350497
994 1 4.33445 -3.43474 -0.0330882
995 1 4.38442 -3.43649 -0.0389493
996 1 4.43438 -3.4384 -0.034199
997 1 4.48436 -3.4399 -0.0378323
998 1 4.53433 -3.44161 -0.0431247
999 1 4.58429 -3.44364 -0.0388688
1000 1 4.63426 -3.44534 -0.0294673
1001 1 4.68424 -3.44649 -0.0310699
1002 1 4.73421 -3.44826 -0.0482356
1003 1 4.78416 -3.45059 -0.0474007
1004 1 4.83409 -3.45314 -0.0387887
1005 1 4.88405 -3.45518 -0.0333987
1006 1 4.93402 -3.4569 -0.0384272
1007 1 4.98398 -3.45898 -0.0480579
1008 1 5.03391 -3.46158 -0.04168
1009 1 5.08386 -3.46376 -0.0378991
1010 1 5.13382 -3.46568 -0.0270384
1011 1 5.1838 -3.46723 -0.0208201
1012 1 5.23379 -3.46824 -0.019593
1013 1 5.28378 -3.46926 -0.0263826
1014 1 5.33376 -3.47063 -0.0269254
1015 1 5.38375 -3.4717 -0.0247969
1016 1 5.43374 -3.47266 -0.0293161
1017 1 5.48371 -3.47425 -0.0360283
1018 1 5.53367 -3.47631 -0.0430129
1019 1 5.58362 -3.47856 -0.0502971
1020 1 5.63357 -3.48082 -0.0481654
1021 1 5.6835 -3.48333 -0.0491715
1022 1 5.73345 -3.48573 -0.0457466
1023 1 5.78339 -3.48812 -0.0474733
1024 1 5.83332 -3.4908 -0.0509588
1025 1 5.88326 -3.49322 -0.0542232
1026 1 5.9332 -3.49564 -0.0703693
1027 1 5.98305 -3.49942 -0.0727218
1028 1 6.03291 -3.50324 -0.0774173
1029 1 6.08276 -3.50711 -0.0691562
1030 1 6.13263 -3.51066 -0.0683666
1031 1 6.18251 -3.51412 -0.0669938
1032 1 6.23241 -3.51735 -0.078893
1033 1 6.28224 -3.52139 -0.0901621
1034 1 6.33207 -3.52558 -0.0903636
1035 1 6.38185 -3.53025 -0.103688
1036 1 6.43157 -3.53549 -0.0892554
1037 1 6.48138 -3.53981 -0.100651
1038 1 6.53112 -3.54491 -0.100206
1039 1 6.58088 -3.5498 -0.102617
1040 1 6.63061 -3.55502 -0.113651
1041 1 6.6803 -3.56059 -0.11437
1042 1 6.72997 -3.56628 -0.125349
1043 1 6.77957 -3.57266 -0.115015
1044 1 6.82923 -3.57848 -0.132694
1045 1 6.87881 -3.58493 -0.125433
1046 1 6.9284 -3.59129 -0.120391
1047 1 6.97808 -3.59694 -0.131792
1048 1 7.02766 -3.6034 -0.125466
1049 1 7.0773 -3.60941 -0.124729
1050 1 7.12689 -3.61578 -0.116056
1051 1 7.17659 -3.62126 -0.110295
1052 1 7.22629 -3.62675 -0.110815
1053 1 7.27601 -3.63203 -0.107249
1054 1 7.3257 -3.63754 -0.111201
1055 1 7.3754 -3.64298 -0.122695
1056 1 7.42501 -3.64924 -0.126684
1057 1 7.47463 -3.65539 -0.123514
1058 1 7.52427 -3.66138 -0.132018
1059 1 7.57381 -3.66818 -0.136654
1060 1 7.62333 -3.67503 -0.128404
1061 1 7.67292 -3.68143 -0.12379
1062 1 7.72253 -3.68765 -0.124748
1063 1 7.77214 -3.69395 -0.125602
1064 1 7.82174 -3.70022 -0.131442
1065 1 7.87132 -3.7067 -0.128225
1066 1 7.9209 -3.71314 -0.128408
1067 1 7.97049 -3.71952 -0.136223
1068 1 8.02 -3.72654 -0.132324
1069 1 8.0696 -3.7328 -0.137106
1070 1 8.11915 -3.73951 -0.13188
1071 1 8.16869 -3.74631 -0.152689
1072 1 8.21805 -3.75427 -0.142743
1073 1 8.26755 -3.76132 -0.148031
1074 1 8.31702 -3.76859 -0.149928
1075 1 8.36647 -3.77596 -0.13565
1076 1 8.41601 -3.78276 -0.132672
1077 1 8.4656 -3.78913 -0.12931
1078 1 8.51515 -3.79582 -0.125848
1079 1 8.56472 -3.80234 -0.133999
1080 1 8.61427 -3.80904 -0.134533
1081 1 8.66379 -3.81592 -0.136478
1082 1 8.71331 -3.82285 -0.136899
1083 1 8.76285 -3.82962 -0.136699
1084 1 8.81236 -3.8366 -0.128118
1085 1 8.86193 -3.84312 -0.116117
1086 1 8.91163 -3.84863 -0.121053
1087 1 8.96128 -3.85452 -0.128514
1088 1 9.01086 -3.86099 -0.124181
1089 1 9.06048 -3.86716 -0.126052
1090 1 9.11006 -3.87356 -0.129701
1091 1 9.15968 -3.87972 -0.111918
1092 1 9.20941 -3.88489 -0.118136
1093 1 9.25909 -3.89057 -0.1108
1094 1 9.30881 -3.89582 -0.10941
1095 1 9.3585 -3.90139 -0.111178
1096 1 9.40818 -3.90701 -0.113773
1097 1 9.45788 -3.91252 -0.11622
1098 1 9.50757 -3.91802 -0.11202
1099 1 9.55727 -3.92355 -0.0930749
1100 1 9.60703 -3.92841 -0.0769102
1101 1 9.65687 -3.93242 -0.077252
1102 1 9.70671 -3.93641 -0.0701307
1103 1 9.75659 -3.93993 -0.085831
1104 1 9.80639 -3.94435 -0.0905316
1105 1 9.85618 -3.94893 -0.0725926
1106 1 9.90605 -3.95258 -0.0736531
1107 1 9.95592 -3.95605 -0.0817987
1108 1 -9.99425 -3.96026 -0.0848076
1109 1 -9.94442 -3.96435 -0.0872123
1110 1 -9.89461 -3.9687 -0.0906751
1111 1 -9.8448 -3.97309 -0.104068
1112 1 -9.79506 -3.97818 -0.108513
1113 1 -9.74535 -3.98351 -0.11023
1114 1 -9.69561 -3.98855 -0.118282
1115 1 -9.64595 -3.99439 -0.121245
1116 1 -9.59634 -4.00065 -0.129488
1117 1 -9.54675 -4.007 -0.122461
1118 1 -9.49716 -4.01338 -0.11451
1119 1 -9.4475 -4.01923 -0.106556
1120 1 -9.39783 -4.02495 -0.105658
1121 1 -9.34809 -4.03004 -0.106399
1122 1 -9.29838 -4.03545 -0.102778
1123 1 -9.24864 -4.04046 -0.102369
1124 1 -9.19888 -4.04542 -0.105501
1125 1 -9.14915 -4.05057 -0.102666
1126 1 -9.09941 -4.05569 -0.0994113
1127 1 -9.04968 -4.06085 -0.0882228
1128 1 -8.99985 -4.06502 -0.0952982
1129 1 -8.95008 -4.06981 -0.10315
1130 1 -8.90034 -4.0749 -0.100397
1131 1 -8.85062 -4.08019 -0.110817
1132 1 -8.80093 -4.08573 -0.108636
1133 1 -8.75121 -4.09095 -0.115852
1134 1 -8.7015 -4.09639 -0.124229
1135 1 -8.6519 -4.10265 -0.123462
1136 1 -8.6023 -4.10901 -0.13398
1137 1 -8.55275 -4.1157 -0.12166
1138 1 -8.50313 -4.12181 -0.116206
1139 1 -8.45347 -4.12762 -0.111187
1140 1 -8.40375 -4.13294 -0.109009
1141 1 -8.35404 -4.13832 -0.107832
1142 1 -8.30437 -4.14403 -0.104826
1143 1 -8.25462 -4.14905 -0.107995
1144 1 -8.2049 -4.15428 -0.105592
1145 1 -8.15521 -4.15987 -0.106688
1146 1 -8.10549 -4.16516 -0.105958
1147 1 -8.0558 -4.17073 -0.114927
1148 1 -8.00614 -4.17648 -0.123248
1149 1 -7.95651 -4.18261 -0.135917
1150 1 -7.90695 -4.18924 -0.137891
1151 1 -7.85744 -4.19617 -0.142664
1152 1 -7.80792 -4.20313 -0.138969
1153 1 -7.75845 -4.21034 -0.134136
1154 1 -7.7089 -4.21706 -0.131446
1155 1 -7.65931 -4.22342 -0.135698
1156 1 -7.60979 -4.23037 -0.132798
1157 1 -7.56021 -4.23684 -0.126722
1158 1 -7.51062 -4.24318 -0.119872
1159 1 -7.46098 -4.24916 -0.112298
1160 1 -7.41129 -4.25476 -0.115715
1161 1 -7.3616 -4.26034 -0.132241
1162 1 -7.31202 -4.26679 -0.128228
1163 1 -7.26239 -4.27287 -0.121072
1164 1 -7.21273 -4.27868 -0.130358
1165 1 -7.1632 -4.28546 -0.134123
1166 1 -7.11364 -4.29207 -0.143301
1167 1 -7.06414 -4.29919 -0.154783
1168 1 -7.0148 -4.30724 -0.152673
1169 1 -6.96539 -4.31488 -0.149582
1170 1 -6.91593 -4.32227 -0.148212
1171 1 -6.86649 -4.32968 -0.156177
1172 1 -6.81711 -4.33752 -0.157515
1173 1 -6.76772 -4.34536 -0.158481
1174 1 -6.71837 -4.35337 -0.151436
1175 1 -6.66895 -4.361 -0.154796
1176 1 -6.61957 -4.36883 -0.165402
1177 1 -6.57022 -4.37685 -0.168126
1178 1 -6.52096 -4.38541 -0.170522
1179 1 -6.47167 -4.3938 -0.168114
1180 1 -6.42238 -4.40218 -0.17496
1181 1 -6.37315 -4.41096 -0.176959
1182 1 -6.32391 -4.41964 -0.167489
1183 1 -6.27459 -4.42785 -0.170127
1184 1 -6.22532 -4.43638 -0.164024
1185 1 -6.176 -4.44456 -0.163528
1186 1 -6.12665 -4.4526 -0.164227
1187 1 -6.07731 -4.46074 -0.172312
1188 1 -6.02804 -4.46925 -0.169371
1189 1 -5.97876 -4.47766 -0.17896
1190 1 -5.92958 -4.48672 -0.182438
1191 1 -5.88044 -4.49591 -0.18536
1192 1 -5.83125 -4.50488 -0.186097
1193 1 -5.7821 -4.51405 -0.188531
1194 1 -5.73297 -4.52334 -0.200737
1195 1 -5.68392 -4.53307 -0.210783
1196 1 -5.63505 -4.54361 -0.206837
1197 1 -5.58608 -4.55371 -0.211257
1198 1 -5.53715 -4.56401 -0.209279
1199 1 -5.48822 -4.57427 -0.211516
1200 1 -5.43931 -4.58468 -0.201843
1201 1 -5.39034 -4.59476 -0.18859
1202 1 -5.34127 -4.60435 -0.185955
1203 1 -5.29215 -4.61372 -0.186403
1204 1 -5.24301 -4.62296 -0.193469
1205 1 -5.19395 -4.63259 -0.199195
1206 1 -5.14496 -4.64261 -0.206956
1207 1 -5.09606 -4.65301 -0.21274
1208 1 -5.04722 -4.66373 -0.212235
1209 1 -4.99838 -4.67445 -0.21691
1210 1 -4.94957 -4.68526 -0.214959
1211 1 -4.90072 -4.69595 -0.217427
1212 1 -4.85192 -4.70681 -0.218315
1213 1 -4.80315 -4.71784 -0.219176
1214 1 -4.75439 -4.72891 -0.237346
1215 1 -4.70576 -4.74056 -0.244802
1216 1 -4.65726 -4.75269 -0.240884
1217 1 -4.60873 -4.76473 -0.234443
1218 1 -4.56012 -4.77644 -0.234948
1219 1 -4.51147 -4.78796 -0.2337
1220 1 -4.46292 -4.79991 -0.236114
1221 1 -4.41436 -4.81183 -0.242013
1222 1 -4.36579 -4.8237 -0.238313
1223 1 -4.31721 -4.83555 -0.244259
1224 1 -4.26866 -4.8475 -0.24249
1225 1 -4.22013 -4.85952 -0.230543
1226 1 -4.17144 -4.87088 -0.239034
1227 1 -4.12293 -4.883 -0.241609
1228 1 -4.07434 -4.8948 -0.244557
1229 1 -4.02583 -4.90689 -0.235542
1230 1 -3.97717 -4.91841 -0.222667
1231 1 -3.92834 -4.92917 -0.224024
1232 1 -3.87961 -4.94035 -0.215216
1233 1 -3.83077 -4.95105 -0.211364
1234 1 -3.78186 -4.96143 -0.20922
1235 1 -3.7329 -4.97161 -0.214677
1236 1 -3.68405 -4.98227 -0.214231
1237 1 -3.63521 -4.99295 -0.206671
1238 1 -3.58626 -5.00317 -0.208491
1239 1 -3.53728 -5.01322 -0.201192
1240 1 -3.48826 -5.02303 -0.192353
1241 1 -3.43924 -5.03289 -0.195486
1242 1 -3.39012 -5.04222 -0.202256
1243 1 -3.34116 -5.05237 -0.213144
1244 1 -3.2924 -5.06342 -0.206983
1245 1 -3.24353 -5.07399 -0.203362
1246 1 -3.19458 -5.08416 -0.190499
1247 1 -3.14548 -5.0936 -0.187093
1248 1 -3.09637 -5.10301 -0.184218
1249 1 -3.04716 -5.11187 -0.18998
1250 1 -2.99808 -5.12139 -0.182013
1251 1 -2.94893 -5.13061 -0.175907
1252 1 -2.89968 -5.1392 -0.181785
1253 1 -2.85051 -5.14829 -0.167533
1254 1 -2.80119 -5.15651 -0.173675
1255 1 -2.75201 -5.1655 -0.1697
1256 1 -2.70274 -5.17402 -0.164718
1257 1 -2.6534 -5.18213 -0.184797
1258 1 -2.60418 -5.19093 -0.191977
1259 1 -2.55511 -5.20054 -0.191213
1260 1 -2.506 -5.20988 -0.19278
1261 1 -2.45689 -5.21932 -0.191389
1262 1 -2.4078 -5.22879 -0.193563
1263 1 -2.35877 -5.23859 -0.198067
1264 1 -2.30979 -5.24864 -0.190047
1265 1 -2.26069 -5.25808 -0.200311
1266 1 -2.21167 -5.26793 -0.200051
1267 1 -2.16266 -5.27785 -0.209139
1268 1 -2.11372 -5.28808 -0.205058
1269 1 -2.06482 -5.29848 -0.21062
1270 1 -2.0159 -5.30881 -0.202472
1271 1 -1.96688 -5.31866 -0.195868
1272 1 -1.91786 -5.32855 -0.202327
1273 1 -1.8689 -5.33867 -0.201889
1274 1 -1.81993 -5.3488 -0.200394
1275 1 -1.77096 -5.35885 -0.211422
1276 1 -1.72206 -5.3693 -0.211367
1277 1 -1.67317 -5.37976 -0.219095
1278 1 -1.62432 -5.39042 -0.209876
1279 1 -1.5755 -5.40121 -0.214534
1280 1 -1.52661 -5.4117 -0.207629
1281 1 -1.4777 -5.42211 -0.216569
1282 1 -1.42884 -5.4327 -0.213906
1283 1 -1.37999 -5.44335 -0.214252
1284 1 -1.33109 -5.4538 -0.230415
1285 1 -1.28244 -5.46532 -0.231147
1286 1 -1.23376 -5.47674 -0.236651
1287 1 -1.18508 -5.48817 -0.220336
1288 1 -1.13631 -5.49916 -0.213869
1289 1 -1.08737 -5.50943 -0.208389
1290 1 -1.0385 -5.51999 -0.217526
1291 1 -0.989706 -5.5309 -0.215573
1292 1 -0.940875 -5.54164 -0.218659
1293 1 -0.892082 -5.55256 -0.212279
1294 1 -0.843206 -5.5631 -0.206796
1295 1 -0.794256 -5.5733 -0.214131
1296 1 -0.745349 -5.58369 -0.212005
1297 1 -0.696419 -5.59398 -0.220539
1298 1 -0.647609 -5.60482 -0.214458
1299 1 -0.59876 -5.61549 -0.214438
1300 1 -0.549882 -5.62602 -0.218437
1301 1 -0.501102 -5.637 -0.214427
1302 1 -0.452181 -5.64732 -0.227945
1303 1 -0.403524 -5.65883 -0.230564
1304 1 -0.354843 -5.67024 -0.238005
1305 1 -0.306226 -5.68192 -0.227448
1306 1 -0.257536 -5.69329 -0.224861
1307 1 -0.20876 -5.70428 -0.229434
1308 1 -0.160071 -5.71566 -0.238367
1309 1 -0.11154 -5.72769 -0.239893
1310 1 -0.0630265 -5.73979 -0.243918
1311 1 -0.0144431 -5.7516 -0.253178
1312 1 0.0338646 -5.76449 -0.251551
1313 1 0.0823053 -5.77688 -0.248997
1314 1 0.130734 -5.78932 -0.243424
1315 1 0.179273 -5.80132 -0.250797
1316 1 0.227671 -5.81387 -0.25566
1317 1 0.276024 -5.8266 -0.245923
1318 1 0.324495 -5.83887 -0.249903
1319 1 0.372948 -5.85121 -0.243654
1320 1 0.421448 -5.86336 -0.242015
1321 1 0.470012 -5.87526 -0.243152
1322 1 0.518574 -5.88716 -0.237531
1323 1 0.567209 -5.89877 -0.231156
1324 1 0.615863 -5.91029 -0.225294
1325 1 0.664601 -5.92145 -0.21373
1326 1 0.713511 -5.93183 -0.222086
1327 1 0.762329 -5.94264 -0.233646
1328 1 0.810986 -5.95415 -0.233227
1329 1 0.859601 -5.96583 -0.231902
1330 1 0.908244 -5.9774 -0.225844
1331 1 0.95697 -5.98862 -0.232178
1332 1 1.00569 -5.99986 -0.228991
1333 1 1.05438 -6.01122 -0.224959
1334 1 1.10309 -6.02249 -0.208221
1335 1 1.15207 -6.03257 -0.210529
1336 1 1.20097 -6.04301 -0.210831
1337 1 1.24982 -6.05365 -0.207824
1338 1 1.29877 -6.06385 -0.196792
1339 1 1.3478 -6.07362 -0.199684
1340 1 1.39679 -6.08365 -0.204237
1341 1 1.44575 -6.09381 -0.198417
1342 1 1.49476 -6.1037 -0.191119
1343 1 1.54383 -6.11326 -0.187158
1344 1 1.59297 -6.1225 -0.178284
1345 1 1.64222 -6.13117 -0.169616
1346 1 1.69152 -6.13945 -0.17771
1347 1 1.74076 -6.14815 -0.170564
1348 1 1.79006 -6.15653 -0.169199
1349 1 1.83934 -6.16493 -0.155615
1350 1 1.88876 -6.17258 -0.163225
1351 1 1.93809 -6.18073 -0.170912
1352 1 1.98737 -6.18915 -0.159812
1353 1 2.03672 -6.19721 -0.161365
1354 1 2.08605 -6.20537 -0.166148
1355 1 2.13538 -6.21352 -0.163395
1356 1 2.18468 -6.22185 -0.156472
1357 1 2.23409 -6.2295 -0.161783
1358 1 2.28347 -6.23737 -0.16654
1359 1 2.33274 -6.24588 -0.173286
1360 1 2.38203 -6.25424 -0.172273
1361 1 2.43126 -6.26298 -0.170465
1362 1 2.48055 -6.27138 -0.167975
1363 1 2.52986 -6.2797 -0.172162
1364 1 2.57917 -6.28791 -0.17411
1365 1 2.62839 -6.29671 -0.17524
1366 1 2.67761 -6.30553 -0.182229
1367 1 2.72681 -6.31446 -0.182231
1368 1 2.77602 -6.32331 -0.178181
1369 1 2.82522 -6.33218 -0.179339
1370 1 2.87443 -6.34104 -0.184474
1371 1 2.92359 -6.35017 -0.182674
1372 1 2.97279 -6.35911 -0.187598
1373 1 3.02194 -6.36829 -0.200282
1374 1 3.07095 -6.37814 -0.205774
1375 1 3.11992 -6.38824 -0.199724
1376 1 3.16891 -6.39825 -0.22444
1377 1 3.21764 -6.40945 -0.233131
1378 1 3.26622 -6.42128 -0.233165
1379 1 3.31484 -6.43296 -0.22787
1380 1 3.36362 -6.4439 -0.2239
1381 1 3.4124 -6.4549 -0.211253
1382 1 3.46134 -6.46514 -0.210787
1383 1 3.51025 -6.47551 -0.213805
1384 1 3.55916 -6.48588 -0.226276
1385 1 3.60781 -6.49743 -0.238919
1386 1 3.65642 -6.50913 -0.239834
1387 1 3.705 -6.52097 -0.232889
1388 1 3.75365 -6.53252 -0.238737
1389 1 3.80224 -6.54431 -0.233584
1390 1 3.85092 -6.55573 -0.235268
1391 1 3.89959 -6.56716 -0.253875
1392 1 3.94796 -6.57981 -0.254919
1393 1 3.99632 -6.59251 -0.250356
1394 1 4.04467 -6.60527 -0.250802
1395 1 4.09304 -6.61791 -0.249208
1396 1 4.14149 -6.63028 -0.254405
1397 1 4.18988 -6.64284 -0.260172
1398 1 4.23821 -6.65566 -0.261584
1399 1 4.28654 -6.66849 -0.266924
1400 1 4.33471 -6.68189 -0.266557
1401 1 4.38295 -6.69504 -0.261737
1402 1 4.43125 -6.70797 -0.259995
1403 1 4.4795 -6.72107 -0.256183
1404 1 4.52788 -6.73369 -0.262585
1405 1 4.57622 -6.74649 -0.266629
1406 1 4.62449 -6.75952 -0.279652
1407 1 4.67253 -6.77339 -0.271878
1408 1 4.72075 -6.78658 -0.275792
1409 1 4.76885 -6.80023 -0.284508
1410 1 4.81687 -6.81418 -0.278084
1411 1 4.86503 -6.82762 -0.27604
1412 1 4.9131 -6.84138 -0.270014
1413 1 4.96135 -6.85449 -0.278577
1414 1 5.00944 -6.86817 -0.293845
1415 1 5.05725 -6.8828 -0.295471
1416 1 5.10518 -6.89703 -0.296484
1417 1 5.15307 -6.91139 -0.298086
1418 1 5.20085 -6.92615 -0.296889
1419 1 5.24869 -6.94069 -0.29963
1420 1 5.29646 -6.95543 -0.288232
1421 1 5.34447 -6.96942 -0.289774
1422 1 5.39238 -6.9837 -0.293131
1423 1 5.44022 -6.99825 -0.294238
1424 1 5.48802 -7.01291 -0.298097
1425 1 5.53581 -7.02763 -0.297904
1426 1 5.58363 -7.04222 -0.309846
1427 1 5.63126 -7.05743 -0.303538
1428 1 5.67902 -7.07222 -0.313106
1429 1 5.72662 -7.08755 -0.317861
1430 1 5.77408 -7.10326 -0.316715
1431 1 5.82158 -7.11889 -0.309338
1432 1 5.86917 -7.1342 -0.310078
1433 1 5.9168 -7.14941 -0.319893
1434 1 5.96432 -7.16496 -0.318137
1435 1 6.0118 -7.18066 -0.31487
1436 1 6.05934 -7.19613 -0.312372
1437 1 6.10697 -7.21136 -0.313886
1438 1 6.15451 -7.22685 -0.315359
1439 1 6.20204 -7.24235 -0.320884
1440 1 6.24952 -7.25804 -0.336391
1441 1 6.29667 -7.27468 -0.333465
1442 1 6.34384 -7.29126 -0.33952
1443 1 6.39101 -7.30784 -0.349755
1444 1 6.43808 -7.3247 -0.361193
1445 1 6.48488 -7.3423 -0.368006
1446 1 6.5316 -7.36012 -0.365337
1447 1 6.57832 -7.37793 -0.361164
1448 1 6.62508 -7.39563 -0.357248
1449 1 6.67198 -7.41297 -0.358876
1450 1 6.7188 -7.4305 -0.363136
1451 1 6.76553 -7.44829 -0.376186
1452 1 6.81207 -7.46656 -0.372745
1453 1 6.85851 -7.48509 -0.374914
1454 1 6.90499 -7.50353 -0.377206
1455 1 6.95149 -7.5219 -0.379392
1456 1 6.99787 -7.54058 -0.373875
1457 1 7.04432 -7.55909 -0.368504
1458 1 7.09102 -7.57695 -0.37012
1459 1 7.13755 -7.59523 -0.359128
1460 1 7.1842 -7.61322 -0.367477
1461 1 7.23099 -7.63085 -0.364615
1462 1 7.2777 -7.6487 -0.374755
1463 1 7.32415 -7.66719 -0.365327
1464 1 7.37089 -7.68495 -0.368162
1465 1 7.41765 -7.70267 -0.371864
1466 1 7.46423 -7.72082 -0.367221
1467 1 7.51092 -7.73871 -0.367227
1468 1 7.55759 -7.75665 -0.377464
1469 1 7.60409 -7.77503 -0.362045
1470 1 7.65068 -7.79317 -0.358788
1471 1 7.6975 -7.81073 -0.357886
1472 1 7.74435 -7.82819 -0.360021
1473 1 7.79105 -7.84606 -0.37359
1474 1 7.83761 -7.86427 -0.383308
1475 1 7.88392 -7.88314 -0.376019
1476 1 7.93047 -7.90139 -0.380646
1477 1 7.97698 -7.91973 -0.386029
1478 1 8.02318 -7.93886 -0.401614
1479 1 8.06926 -7.95825 -0.408588
1480 1 8.11517 -7.97806 -0.399789
1481 1 8.16132 -7.9973 -0.403644
1482 1 8.20739 -8.01674 -0.401251
1483 1 8.25343 -8.03623 -0.400919
1484 1 8.29951 -8.05563 -0.392584
1485 1 8.34582 -8.07449 -0.381091
1486 1 8.3923 -8.09292 -0.383031
1487 1 8.43861 -8.11178 -0.378517
1488 1 8.485 -8.13041 -0.378139
1489 1 8.53146 -8.14891 -0.373656
1490 1 8.57804 -8.16707 -0.366323
1491 1 8.62479 -8.18481 -0.364528
1492 1 8.67158 -8.20243 -0.368259
1493 1 8.71817 -8.22058 -0.354878
1494 1 8.76502 -8.23805 -0.351569
1495 1 8.81196 -8.25527 -0.344859
1496 1 8.85895 -8.27236 -0.347356
1497 1 8.906 -8.28928 -0.352322
1498 1 8.95291 -8.30657 -0.356834
1499 1 8.99982 -8.32387 -0.345767
1500 1 9.04678 -8.34106 -0.337653
1501 1 9.09383 -8.35797 -0.327541
1502 1 9.14111 -8.37422 -0.328192
1503 1 9.18838 -8.39053 -0.322899
1504 1 9.23585 -8.40622 -0.317347
1505 1 9.28331 -8.42196 -0.320225
1506 1 9.33075 -8.43775 -0.32718
1507 1 9.37814 -8.45371 -0.333335
1508 1 9.42531 -8.47027 -0.339291
1509 1 9.4723 -8.48737 -0.342755
1510 1 9.51928 -8.50446 -0.339375
1511 1 9.5664 -8.52121 -0.321092
1512 1 9.61395 -8.53666 -0.308175
1513 1 9.66157 -8.5519 -0.318217
1514 1 9.70912 -8.56733 -0.323628
1515 1 9.7566 -8.58301 -0.326388
1516 1 9.80393 -8.59913 -0.325032
1517 1 9.85126 -8.61526 -0.332709
1518 1 9.89848 -8.6317 -0.342692
1519 1 9.94557 -8.64851 -0.338619
1520 1 9.99277 -8.665 -0.334736
1521 1 -9.95987 -8.68104 -0.332151
1522 1 -9.91265 -8.69746 -0.324401
1523 1 -9.8652 -8.71325 -0.322268
1524 1 -9.81774 -8.72896 -0.322624
1525 1 -9.77032 -8.74482 -0.321352
1526 1 -9.7229 -8.76067 -0.331708
1527 1 -9.67562 -8.77694 -0.326034
1528 1 -9.6283 -8.79308 -0.33627
1529 1 -9.58119 -8.80983 -0.343429
1530 1 -9.53408 -8.82658 -0.338571
1531 1 -9.48702 -8.84349 -0.34148
1532 1 -9.43993 -8.86029 -0.338648
1533 1 -9.39277 -8.8769 -0.339172
1534 1 -9.34551 -8.89323 -0.332722
1535 1 -9.2983 -8.90969 -0.333614
1536 1 -9.25104 -8.92601 -0.324865
1537 1 -9.20357 -8.94172 -0.334171
1538 1 -9.15647 -8.9585 -0.321444
1539 1 -9.10906 -8.97436 -0.313979
1540 1 -9.06158 -8.99006 -0.312305
1541 1 -9.01402 -9.00547 -0.308075
1542 1 -8.96634 -9.02052 -0.295835
1543 1 -8.91856 -9.03525 -0.306194
1544 1 -8.87088 -9.05033 -0.317188
1545 1 -8.82339 -9.06595 -0.320315
1546 1 -8.77599 -9.08187 -0.322828
1547 1 -8.72856 -9.09768 -0.32534
1548 1 -8.68119 -9.11369 -0.318774
1549 1 -8.63365 -9.1292 -0.310981
1550 1 -8.58605 -9.14448 -0.313994
1551 1 -8.53856 -9.16013 -0.318948
1552 1 -8.4911 -9.17585 -0.313206
1553 1 -8.44355 -9.19131 -0.31865
1554 1 -8.39618 -9.20731 -0.315146
1555 1 -8.34856 -9.22257 -0.311091
1556 1 -8.30095 -9.23784 -0.319763
1557 1 -8.25354 -9.25373 -0.319212
1558 1 -8.20605 -9.26936 -0.318976
1559 1 -8.15861 -9.28515 -0.336273
1560 1 -8.1114 -9.30164 -0.342672
1561 1 -8.06446 -9.31885 -0.341456
1562 1 -8.01729 -9.33542 -0.343797
1563 1 -7.97023 -9.35233 -0.326046
1564 1 -7.92281 -9.36818 -0.32561
1565 1 -7.87538 -9.384 -0.326848
1566 1 -7.82806 -9.40013 -0.329493
1567 1 -7.78087 -9.41667 -0.325955
1568 1 -7.73352 -9.43274 -0.339313
1569 1 -7.68624 -9.449 -0.343814
1570 1 -7.6392 -9.46592 -0.337862
1571 1 -7.59206 -9.4826 -0.336124
1572 1 -7.54489 -9.49919 -0.334546
1573 1 -7.49768 -9.51567 -0.328397
1574 1 -7.45044 -9.53202 -0.332902
1575 1 -7.40309 -9.54809 -0.326704
1576 1 -7.35567 -9.56396 -0.332191
1577 1 -7.30843 -9.58034 -0.33447
1578 1 -7.26116 -9.59661 -0.343794
1579 1 -7.21406 -9.61341 -0.340257
1580 1 -7.16698 -9.63024 -0.332527
1581 1 -7.11978 -9.64674 -0.313732
1582 1 -7.07224 -9.66222 -0.318004
1583 1 -7.02471 -9.67774 -0.303234
1584 1 -6.977 -9.69272 -0.305785
1585 1 -6.92931 -9.70771 -0.309274
1586 1 -6.88173 -9.72309 -0.32218
1587 1 -6.83434 -9.73904 -0.321629
1588 1 -6.7869 -9.75482 -0.320096
1589 1 -6.73946 -9.77062 -0.318096
1590 1 -6.69196 -9.78622 -0.320119
1591 1 -6.64452 -9.80203 -0.32393
1592 1 -6.59707 -9.8178 -0.325519
1593 1 -6.54966 -9.83367 -0.331519
1594 1 -6.50233 -9.84979 -0.323497
1595 1 -6.45491 -9.86565 -0.326231
1596 1 -6.40757 -9.88173 -0.326637
1597 1 -6.36022 -9.8978 -0.342266
1598 1 -6.3131 -9.91452 -0.340664
1599 1 -6.26606 -9.93147 -0.335919
1600 1 -6.21885 -9.94794 -0.338913
1601 1 -6.17175 -9.96471 -0.335582
1602 1 -6.12452 -9.98114 -0.3312
1603 1 -6.07723 -9.99735 -0.325759
1604 1 -6.0298 9.98682 -0.316057
1605 1 -5.98235 9.97103 -0.31226
1606 1 -5.9348 9.95558 -0.303823
1607 1 -5.88706 9.94073 -0.301282
1608 1 -5.83925 9.92609 -0.306291
1609 1 -5.7916 9.91094 -0.300972
1610 1 -5.74386 9.89607 -0.298828
1611 1 -5.69605 9.88146 -0.29386
1612 1 -5.64824 9.8668 -0.30545
1613 1 -5.60054 9.8518 -0.312567
1614 1 -5.55295 9.83648 -0.319303
1615 1 -5.50548 9.82078 -0.315209
1616 1 -5.45791 9.80538 -0.326318
1617 1 -5.41059 9.78923 -0.31845
1618 1 -5.36313 9.7735 -0.328013
1619 1 -5.31575 9.75753 -0.333447
1620 1 -5.26843 9.74139 -0.329606
1621 1 -5.2212 9.72496 -0.32403
1622 1 -5.17378 9.70911 -0.334067
1623 1 -5.12661 9.69253 -0.340985
1624 1 -5.07961 9.67549 -0.354138
1625 1 -5.03276 9.65803 -0.355321
1626 1 -4.98596 9.64042 -0.354264
1627 1 -4.93906 9.62307 -0.373415
1628 1 -4.89256 9.6047 -0.366642
1629 1 -4.846 9.58649 -0.361584
1630 1 -4.79924 9.56877 -0.371412
1631 1 -4.75266 9.55061 -0.372548
1632 1 -4.70603 9.53257 -0.374742
1633 1 -4.6596 9.51402 -0.3683
1634 1 -4.61301 9.49585 -0.370901
1635 1 -4.56644 9.47767 -0.373486
1636 1 -4.51983 9.45957 -0.380701
1637 1 -4.47343 9.44094 -0.378341
1638 1 -4.42696 9.42247 -0.38848
1639 1 -4.38077 9.40332 -0.386991
1640 1 -4.33438 9.38469 -0.387672
1641 1 -4.28806 9.36585 -0.379382
1642 1 -4.24169 9.34716 -0.376401
1643 1 -4.19505 9.32914 -0.380541
1644 1 -4.14865 9.3105 -0.382559
1645 1 -4.10228 9.29179 -0.386849
1646 1 -4.05603 9.27281 -0.392318
1647 1 -4.00981 9.25374 -0.386298
1648 1 -3.96357 9.23471 -0.380544
1649 1 -3.91713 9.2162 -0.379458
1650 1 -3.87071 9.1976 -0.383471
1651 1 -3.82446 9.17861 -0.372546
1652 1 -3.77803 9.16007 -0.370586
1653 1 -3.73141 9.14198 -0.375106
1654 1 -3.68491 9.12362 -0.377293
1655 1 -3.63839 9.10528 -0.374927
1656 1 -3.59182 9.08708 -0.362503
1657 1 -3.545 9.06954 -0.369367
1658 1 -3.49832 9.05163 -0.368829
1659 1 -3.45173 9.03348 -0.360874
1660 1 -3.40489 9.01597 -0.349414
1661 1 -3.35789 8.99892 -0.341051
1662 1 -3.3107 8.98239 -0.344806
1663 1 -3.26371 8.96532 -0.336501
1664 1 -3.21647 8.94892 -0.321636
1665 1 -3.16911 8.93291 -0.333583
1666 1 -3.12183 8.91664 -0.338264
1667 1 -3.07464 8.9001 -0.34688
1668 1 -3.02761 8.88312 -0.337469
1669 1 -2.98039 8.86671 -0.342288
1670 1 -2.93337 8.84968 -0.334962
1671 1 -2.88606 8.83352 -0.328364
1672 1 -2.83864 8.81765 -0.33628
1673 1 -2.79148 8.80105 -0.339623
1674 1 -2.74427 8.7846 -0.346456
1675 1 -2.69734 8.76735 -0.342939
1676 1 -2.65014 8.75084 -0.343708
1677 1 -2.60309 8.73393 -0.332324
1678 1 -2.55573 8.71788 -0.314418
1679 1 -2.5083 8.70207 -0.318765
1680 1 -2.46089 8.68619 -0.322746
1681 1 -2.41342 8.67051 -0.320445
1682 1 -2.36594 8.65483 -0.325285
1683 1 -2.31859 8.63874 -0.318794
1684 1 -2.27112 8.62305 -0.31754
1685 1 -2.22362 8.60745 -0.317361
1686 1 -2.17614 8.59178 -0.320683
1687 1 -2.12874 8.57587 -0.319834
1688 1 -2.08127 8.56015 -0.31848
1689 1 -2.03374 8.54464 -0.329346
1690 1 -1.98636 8.52865 -0.327541
1691 1 -1.93893 8.51283 -0.322795
1692 1 -1.89143 8.49723 -0.32629
1693 1 -1.84415 8.48096 -0.323192
1694 1 -1.79671 8.46516 -0.325665
1695 1 -1.74924 8.44946 -0.316584
1696 1 -1.70162 8.43423 -0.3253
1697 1 -1.65431 8.41806 -0.322614
1698 1 -1.60686 8.40229 -0.31969
1699 1 -1.55928 8.38693 -0.32621
1700 1 -1.51198 8.37071 -0.32399
1701 1 -1.46473 8.35436 -0.325825
1702 1 -1.41737 8.33835 -0.325114
1703 1 -1.3699 8.32263 -0.326441
1704 1 -1.3225 8.30672 -0.31515
1705 1 -1.27495 8.29128 -0.315887
1706 1 -1.22735 8.27597 -0.306174
1707 1 -1.17966 8.26095 -0.299854
1708 1 -1.13192 8.2461 -0.302498
1709 1 -1.08421 8.23112 -0.304028
1710 1 -1.03649 8.21619 -0.294336
1711 1 -0.988585 8.20188 -0.294295
1712 1 -0.940708 8.18746 -0.295051
1713 1 -0.892914 8.17278 -0.307504
1714 1 -0.845219 8.15777 -0.29645
1715 1 -0.797419 8.1431 -0.303527
1716 1 -0.749652 8.12833 -0.302711
1717 1 -0.70197 8.11328 -0.29833
1718 1 -0.654194 8.09854 -0.303278
1719 1 -0.606626 8.08314 -0.299184
1720 1 -0.558842 8.06842 -0.29784
1721 1 -0.511051 8.05372 -0.286477
1722 1 -0.463083 8.03961 -0.288335
1723 1 -0.415151 8.02538 -0.284484
1724 1 -0.367092 8.01159 -0.27935
1725 1 -0.319059 7.9977 -0.271483
1726 1 -0.270945 7.9841 -0.259276
1727 1 -0.222612 7.97129 -0.262141
1728 1 -0.174374 7.95814 -0.262747
1729 1 -0.126047 7.94532 -0.263712
1730 1 -0.0777998 7.93219 -0.264825
1731 1 -0.0295144 7.91921 -0.282261
1732 1 0.0185706 7.90551 -0.281261
1733 1 0.0666049 7.89163 -0.280405
1734 1 0.114641 7.87775 -0.280404
1735 1 0.162659 7.86381 -0.275763
1736 1 0.21086 7.85053 -0.267057
1737 1 0.259071 7.83727 -0.252281
1738 1 0.307496 7.82482 -0.257189
1739 1 0.355853 7.81211 -0.257883
1740 1 0.40425 7.79955 -0.260325
1741 1 0.452518 7.78651 -0.253925
1742 1 0.500918 7.77396 -0.254326
1743 1 0.549231 7.76109 -0.242351
1744 1 0.597715 7.74887 -0.244182
1745 1 0.646284 7.73699 -0.246793
1746 1 0.694797 7.72489 -0.25282
1747 1 0.743197 7.71234 -0.245013
1748 1 0.791704 7.70021 -0.238942
1749 1 0.84032 7.68854 -0.241474
1750 1 0.888861 7.67655 -0.241838
1751 1 0.937407 7.66458 -0.245949
1752 1 0.985958 7.65262 -0.24396
1753 1 1.03452 7.64073 -0.245487
1754 1 1.08296 7.62833 -0.242932
1755 1 1.13153 7.61647 -0.239017
1756 1 1.18013 7.60473 -0.231191
1757 1 1.22886 7.59353 -0.230234
1758 1 1.27757 7.58224 -0.220771
1759 1 1.3264 7.57148 -0.220237
1760 1 1.37511 7.56018 -0.223142
1761 1 1.4239 7.54928 -0.221283
1762 1 1.47273 7.53853 -0.20671
1763 1 1.52169 7.52839 -0.203965
1764 1 1.57068 7.51836 -0.210433
1765 1 1.61952 7.50769 -0.223216
1766 1 1.66828 7.49663 -0.221453
1767 1 1.71704 7.48555 -0.21685
1768 1 1.76585 7.4747 -0.22426
1769 1 1.81457 7.46345 -0.218768
1770 1 1.86341 7.45277 -0.212508
1771 1 1.91236 7.44254 -0.225605
1772 1 1.96104 7.43116 -0.2283
1773 1 2.00975 7.41985 -0.237063
1774 1 2.05843 7.40846 -0.243823
1775 1 2.10697 7.39646 -0.24603
1776 1 2.15553 7.38457 -0.235245
1777 1 2.20409 7.37262 -0.239069
1778 1 2.25273 7.36106 -0.241007
1779 1 2.30133 7.34932 -0.249709
1780 1 2.34979 7.33702 -0.24511
1781 1 2.39834 7.32504 -0.249985
1782 1 2.44685 7.31293 -0.239648
1783 1 2.49531 7.30064 -0.24753
1784 1 2.54382 7.2885 -0.239408
1785 1 2.59242 7.27676 -0.249783
1786 1 2.64086 7.26438 -0.227357
1787 1 2.6896 7.25321 -0.2171
1788 1 2.73841 7.24238 -0.219336
1789 1 2.78721 7.23149 -0.219466
1790 1 2.83603 7.2207 -0.209648
1791 1 2.88487 7.20998 -0.20765
1792 1 2.93374 7.19941 -0.209706
1793 1 2.98262 7.18891 -0.212077
1794 1 3.03156 7.17867 -0.214385
1795 1 3.08036 7.1678 -0.23
1796 1 3.12903 7.15632 -0.225868
1797 1 3.17769 7.14485 -0.224871
1798 1 3.22636 7.13338 -0.212289
1799 1 3.27518 7.12258 -0.203887
1800 1 3.32416 7.11255 -0.206603
1801 1 3.37311 7.10232 -0.208651
1802 1 3.42205 7.09208 -0.219052
1803 1 3.4709 7.08144 -0.215298
1804 1 3.51976 7.07081 -0.215385
1805 1 3.56866 7.06041 -0.217936
1806 1 3.61741 7.04932 -0.232034
1807 1 3.66612 7.03803 -0.231746
1808 1 3.71478 7.0265 -0.238489
1809 1 3.76334 7.01459 -0.247556
1810 1 3.81177 7.00218 -0.257888
1811 1 3.86014 6.98952 -0.268912
1812 1 3.90839 6.9764 -0.275809
1813 1 3.95648 6.96271 -0.271606
1814 1 4.00461 6.94917 -0.263968
1815 1 4.05293 6.93631 -0.276584
1816 1 4.10108 6.92284 -0.266793
1817 1 4.1493 6.9096 -0.26973
1818 1 4.19752 6.89641 -0.281492
1819 1 4.24556 6.88254 -0.275432
1820 1 4.29354 6.86848 -0.282307
1821 1 4.34155 6.85452 -0.27981
1822 1 4.3896 6.84068 -0.269946
1823 1 4.43776 6.82723 -0.268336
1824 1 4.48597 6.81399 -0.264652
1825 1 4.53439 6.80153 -0.275771
1826 1 4.58246 6.78778 -0.27582
1827 1 4.63046 6.77379 -0.275719
1828 1 4.67853 6.76004 -0.271219
1829 1 4.72675 6.74678 -0.265971
1830 1 4.77499 6.73367 -0.272161
1831 1 4.82322 6.72048 -0.272002
1832 1 4.87131 6.70679 -0.275614
1833 1 4.91943 6.69322 -0.272909
1834 1 4.96763 6.67992 -0.287498
1835 1 5.01559 6.66576 -0.2913
1836 1 5.06351 6.65152 -0.287275
1837 1 5.11149 6.63745 -0.288001
1838 1 5.15943 6.62323 -0.290819
1839 1 5.20736 6.609 -0.30521
1840 1 5.25501 6.59383 -0.292843
1841 1 5.30288 6.57941 -0.295099
1842 1 5.35077 6.56504 -0.295921
1843 1 5.39866 6.55067 -0.288303
1844 1 5.44669 6.53675 -0.290656
1845 1 5.4946 6.52245 -0.293118
1846 1 5.54244 6.50792 -0.290219
1847 1 5.59031 6.49351 -0.273764
1848 1 5.63842 6.47988 -0.273337
1849 1 5.68665 6.4667 -0.279684
1850 1 5.73468 6.4528 -0.286633
1851 1 5.78268 6.43881 -0.284004
1852 1 5.83063 6.42461 -0.27938
1853 1 5.87881 6.41128 -0.288039
1854 1 5.92671 6.39693 -0.297822
1855 1 5.97457 6.38246 -0.286516
1856 1 6.02257 6.36845 -0.273094
1857 1 6.07071 6.35494 -0.274193
1858 1 6.11886 6.34147 -0.281676
1859 1 6.16694 6.32776 -0.29028
1860 1 6.21485 6.31346 -0.284335
1861 1 6.26289 6.29959 -0.296621
1862 1 6.31065 6.2848 -0.29584
1863 1 6.35851 6.27032 -0.285573
1864 1 6.40662 6.2567 -0.273869
1865 1 6.4548 6.24335 -0.279124
1866 1 6.50285 6.22952 -0.268634
1867 1 6.55103 6.21615 -0.268315
1868 1 6.59927 6.20299 -0.274531
1869 1 6.64743 6.18957 -0.279804
1870 1 6.69544 6.1756 -0.28249
1871 1 6.74342 6.16155 -0.289872
1872 1 6.79128 6.14705 -0.297953
1873 1 6.83917 6.13271 -0.305043
1874 1 6.88683 6.11757 -0.313944
1875 1 6.93444 6.10229 -0.306869
1876 1 6.98208 6.08712 -0.308903
1877 1 7.02975 6.07205 -0.304184
1878 1 7.07743 6.057 -0.302945
1879 1 7.12516 6.04209 -0.316772
1880 1 7.17266 6.02647 -0.319072
1881 1 7.22011 6.0107 -0.327601
1882 1 7.26736 5.99437 -0.318556
1883 1 7.31481 5.97861 -0.311504
1884 1 7.36233 5.96305 -0.314403
1885 1 7.40983 5.94744 -0.316765
1886 1 7.4574 5.93205 -0.325306
1887 1 7.50479 5.91609 -0.330892
1888 1 7.55198 5.89956 -0.333178
1889 1 7.59907 5.88276 -0.324055
1890 1 7.64645 5.86679 -0.325087
1891 1 7.69392 5.85111 -0.312865
1892 1 7.74155 5.8359 -0.328828
1893 1 7.78876 5.81944 -0.332048
1894 1 7.83606 5.80321 -0.334935
1895 1 7.88332 5.7869 -0.333316
1896 1 7.93043 5.77013 -0.341807
1897 1 7.97741 5.75304 -0.34105
1898 1 8.02453 5.73631 -0.351352
1899 1 8.07135 5.71878 -0.348333
1900 1 8.11838 5.7018 -0.344352
1901 1 8.16548 5.68502 -0.341718
1902 1 8.21259 5.66826 -0.337307
1903 1 8.25983 5.65189 -0.343518
1904 1 8.30684 5.63485 -0.348105
1905 1 8.35392 5.61802 -0.341317
1906 1 8.40103 5.60126 -0.326195
1907 1 8.44846 5.58544 -0.334
1908 1 8.49563 5.56887 -0.335729
1909 1 8.54287 5.55248 -0.337399
1910 1 8.59006 5.53595 -0.345081
1911 1 8.63711 5.51902 -0.356101
1912 1 8.68406 5.50182 -0.360014
1913 1 8.73096 5.48451 -0.350461
1914 1 8.77781 5.46704 -0.340151
1915 1 8.825 5.45051 -0.335188
1916 1 8.87217 5.43393 -0.336561
1917 1 8.91942 5.41758 -0.336726
1918 1 8.9666 5.40103 -0.35261
1919 1 9.01349 5.38366 -0.349106
1920 1 9.06047 5.36655 -0.350786
1921 1 9.10743 5.34938 -0.339051
1922 1 9.15462 5.33288 -0.35229
1923 1 9.20162 5.31582 -0.354599
1924 1 9.24861 5.29874 -0.347889
1925 1 9.29565 5.28177 -0.350967
1926 1 9.34264 5.2647 -0.34159
1927 1 9.38972 5.24786 -0.33808
1928 1 9.4369 5.23131 -0.316131
1929 1 9.48446 5.21586 -0.316268
1930 1 9.53209 5.20068 -0.330877
1931 1 9.57936 5.18437 -0.338634
1932 1 9.62655 5.16784 -0.33998
1933 1 9.67365 5.15108 -0.333279
1934 1 9.72091 5.13472 -0.323965
1935 1 9.76829 5.11876 -0.325317
1936 1 9.81565 5.10272 -0.327186
1937 1 9.86307 5.08687 -0.329432
1938 1 9.91045 5.0709 -0.315647
1939 1 9.95804 5.05558 -0.317529
1940 1 -9.99447 5.03992 -0.314884
1941 1 -9.94686 5.02465 -0.328388
1942 1 -9.89955 5.00849 -0.329765
1943 1 -9.85229 4.99217 -0.318975
1944 1 -9.80484 4.97639 -0.321123
1945 1 -9.75733 4.96082 -0.319226
1946 1 -9.70988 4.94503 -0.318385
1947 1 -9.66239 4.9294 -0.319037
1948 1 -9.6149 4.91375 -0.329477
1949 1 -9.56752 4.89779 -0.32196
1950 1 -9.52013 4.88184 -0.318752
1951 1 -9.47254 4.86652 -0.320714
1952 1 -9.42503 4.85092 -0.313603
1953 1 -9.37748 4.83546 -0.310496
1954 1 -9.32982 4.82035 -0.302438
1955 1 -9.28212 4.80536 -0.294458
1956 1 -9.23424 4.79098 -0.297995
1957 1 -9.18648 4.77617 -0.299145
1958 1 -9.13876 4.76124 -0.287322
1959 1 -9.09088 4.74683 -0.291835
1960 1 -9.04297 4.73254 -0.293647
1961 1 -8.99505 4.71827 -0.286487
1962 1 -8.94717 4.70387 -0.302522
1963 1 -8.8995 4.6888 -0.297811
1964 1 -8.85178 4.67385 -0.297263
1965 1 -8.80403 4.65904 -0.300761
1966 1 -8.75625 4.64428 -0.298247
1967 1 -8.70856 4.62927 -0.297043
1968 1 -8.66069 4.61483 -0.292385
1969 1 -8.61287 4.60023 -0.297933
1970 1 -8.56512 4.5854 -0.294071
1971 1 -8.5173 4.57081 -0.301688
1972 1 -8.46954 4.556 -0.302814
1973 1 -8.42175 4.54132 -0.296613
1974 1 -8.37399 4.52652 -0.299299
1975 1 -8.32613 4.51205 -0.306676
1976 1 -8.27848 4.4969 -0.309167
1977 1 -8.23082 4.48177 -0.311333
1978 1 -8.18317 4.46664 -0.319493
1979 1 -8.13574 4.45082 -0.31822
1980 1 -8.08829 4.43505 -0.309398
1981 1 -8.04069 4.41974 -0.298374
1982 1 -7.99286 4.40517 -0.296046
1983 1 -7.94506 4.39051 -0.304348
1984 1 -7.89735 4.37554 -0.319813
1985 1 -7.84986 4.35989 -0.319697
1986 1 -7.8023 4.34447 -0.314987
1987 1 -7.7548 4.32887 -0.309897
1988 1 -7.70722 4.31351 -0.310131
1989 1 -7.65963 4.29817 -0.313037
1990 1 -7.61201 4.28291 -0.320276
1991 1 -7.56453 4.26724 -0.324538
1992 1 -7.51711 4.25138 -0.310607
1993 1 -7.46949 4.23615 -0.307353
1994 1 -7.42184 4.22099 -0.295517
1995 1 -7.37408 4.20621 -0.304932
1996 1 -7.32634 4.19134 -0.30755
1997 1 -7.27866 4.17629 -0.306544
1998 1 -7.23107 4.16096 -0.310906
1999 1 -7.18348 4.14562 -0.319249
