-1 1 -3.73453 0.490963
0 1 -3.73352 0.470944
1 1 -3.72253 0.464681
2 1 -3.70299 0.459457
3 1 -3.71768 0.467069
4 1 -3.71701 0.459538
5 1 -3.70957 0.432354
6 1 -3.71985 0.432304
7 1 -3.71368 0.432636
8 1 -3.71241 0.42994
9 1 -3.7157 0.430273
10 1 -3.72254 0.416331
11 1 -3.72109 0.421439
12 1 -3.71298 0.412225
13 1 -3.72959 0.410634
14 1 -3.71444 0.39781
15 1 -3.69419 0.390459
16 1 -3.69731 0.389774
17 1 -3.71622 0.39534
18 1 -3.72185 0.387313
19 1 -3.71591 0.384766
20 1 -3.71411 0.377612
21 1 -3.71393 0.351455
22 1 -3.70278 0.359123
23 1 -3.66983 0.338531
24 1 -3.68545 0.333928
25 1 -3.66963 0.331267
26 1 -3.64608 0.32104
27 1 -3.64197 0.339497
28 1 -3.65511 0.359282
29 1 -3.67228 0.373941
30 1 -3.66923 0.386272
31 1 -3.67855 0.354543
32 1 -3.65392 0.368768
33 1 -3.63157 0.36081
34 1 -3.61941 0.363198
35 1 -3.61044 0.36333
36 1 -3.60883 0.378122
37 1 -3.59224 0.382907
38 1 -3.59966 0.376129
39 1 -3.5874 0.386783
40 1 -3.59329 0.36757
41 1 -3.59178 0.36221
42 1 -3.58023 0.365389
43 1 -3.58493 0.369709
44 1 -3.56803 0.363991
45 1 -3.58094 0.379459
46 1 -3.58932 0.377438
47 1 -3.59222 0.371452
48 1 -3.58734 0.378146
49 1 -3.59814 0.397098
50 1 -3.61237 0.405494
51 1 -3.61655 0.42832
52 1 -3.62692 0.420364
53 1 -3.63834 0.416355
54 1 -3.6299 0.413309
55 1 -3.62858 0.410664
56 1 -3.61199 0.393282
57 1 -3.62216 0.386969
58 1 -3.63767 0.389879
59 1 -3.6452 0.367443
60 1 -3.66768 0.341621
61 1 -3.69818 0.343573
62 1 -3.69472 0.336741
63 1 -3.66561 0.337277
64 1 -3.66399 0.339882
65 1 -3.66033 0.342352
66 1 -3.67559 0.334254
67 1 -3.66827 0.330088
68 1 -3.67893 0.329091
69 1 -3.66667 0.313289
70 1 -3.65389 0.303195
71 1 -3.64834 0.305182
72 1 -3.65089 0.284142
73 1 -3.65621 0.301866
74 1 -3.66782 0.300325
75 1 -3.66219 0.300665
76 1 -3.64344 0.30778
77 1 -3.64611 0.267821
78 1 -3.6446 0.249334
79 1 -3.66879 0.271829
80 1 -3.64903 0.278957
81 1 -3.66984 0.281854
82 1 -3.68923 0.294098
83 1 -3.66412 0.32548
84 1 -3.69 0.310451
85 1 -3.67089 0.309213
86 1 -3.68587 0.325176
87 1 -3.69098 0.329936
88 1 -3.6836 0.301513
89 1 -3.68992 0.275173
90 1 -3.68004 0.271895
91 1 -3.66123 0.280888
92 1 -3.65557 0.285757
93 1 -3.66274 0.283565
94 1 -3.66398 0.263261
95 1 -3.65206 0.263198
96 1 -3.66613 0.274408
97 1 -3.6683 0.26615
98 1 -3.6792 0.240475
99 1 -3.68905 0.246787
100 1 -3.65025 0.223541
101 1 -3.66757 0.219779
102 1 -3.64671 0.217962
103 1 -3.63918 0.213494
104 1 -3.61632 0.209838
105 1 -3.6105 0.204638
106 1 -3.62001 0.210817
107 1 -3.62869 0.21681
108 1 -3.64783 0.213546
109 1 -3.63695 0.195752
110 1 -3.64968 0.181304
111 1 -3.6439 0.163501
112 1 -3.63917 0.178595
113 1 -3.65658 0.177929
114 1 -3.65394 0.146379
115 1 -3.63822 0.145093
116 1 -3.63255 0.145137
117 1 -3.62394 0.13897
118 1 -3.61952 0.162727
119 1 -3.62551 0.16115
120 1 -3.65102 0.154953
121 1 -3.65079 0.158549
122 1 -3.64183 0.170441
123 1 -3.62643 0.190531
124 1 -3.62732 0.206987
125 1 -3.63362 0.178392
126 1 -3.62952 0.174525
127 1 -3.64476 0.174257
128 1 -3.66983 0.170385
129 1 -3.66365 0.15032
130 1 -3.66185 0.137358
131 1 -3.66156 0.136098
132 1 -3.65282 0.147338
133 1 -3.65334 0.134807
134 1 -3.62107 0.128383
135 1 -3.61418 0.0997962
136 1 -3.61771 0.100242
137 1 -3.61917 0.106536
138 1 -3.63073 0.120002
139 1 -3.65186 0.127673
140 1 -3.65213 0.111393
141 1 -3.66785 0.113965
142 1 -3.68173 0.104698
143 1 -3.70374 0.105758
144 1 -3.72997 0.122918
145 1 -3.73445 0.123221
146 1 -3.74097 0.120702
147 1 -3.74099 0.131285
148 1 -3.70393 0.141299
149 1 -3.68882 0.129972
150 1 -3.68944 0.108414
151 1 -3.68439 0.0939614
152 1 -3.68979 0.113513
153 1 -3.6873 0.118111
154 1 -3.68218 0.120962
155 1 -3.7051 0.1409
156 1 -3.70051 0.144415
157 1 -3.68777 0.143905
158 1 -3.67597 0.140771
159 1 -3.68009 0.144392
160 1 -3.66677 0.121767
161 1 -3.6644 0.104301
162 1 -3.64727 0.0865559
163 1 -3.6524 0.0971473
164 1 -3.65463 0.108733
165 1 -3.66069 0.105562
166 1 -3.65649 0.0999348
167 1 -3.6498 0.0927048
168 1 -3.63434 0.0936109
169 1 -3.63513 0.118251
170 1 -3.61691 0.112046
171 1 -3.63476 0.0895368
172 1 -3.63695 0.109629
173 1 -3.62599 0.102702
174 1 -3.63878 0.115869
175 1 -3.63169 0.107336
176 1 -3.62748 0.12502
177 1 -3.61114 0.134626
178 1 -3.62171 0.136594
179 1 -3.58938 0.158395
180 1 -3.60392 0.17164
181 1 -3.62096 0.175322
182 1 -3.60063 0.179983
183 1 -3.58241 0.188453
184 1 -3.59875 0.215794
185 1 -3.59431 0.212433
186 1 -3.5942 0.214165
187 1 -3.63026 0.218618
188 1 -3.63034 0.228373
189 1 -3.63809 0.194781
190 1 -3.6597 0.192733
191 1 -3.63651 0.201698
192 1 -3.63631 0.206473
193 1 -3.62706 0.227768
194 1 -3.622 0.236302
195 1 -3.62658 0.219257
196 1 -3.64055 0.238186
197 1 -3.6519 0.250937
198 1 -3.63972 0.238537
199 1 -3.6398 0.253464
200 1 -3.65564 0.261985
201 1 -3.64307 0.258392
202 1 -3.62078 0.265374
203 1 -3.64952 0.268149
204 1 -3.64144 0.273459
205 1 -3.64492 0.244322
206 1 -3.62794 0.247195
207 1 -3.60494 0.253961
208 1 -3.61471 0.252749
209 1 -3.60836 0.28939
210 1 -3.61344 0.277441
211 1 -3.61367 0.288608
212 1 -3.60842 0.304956
213 1 -3.58496 0.289044
214 1 -3.57372 0.293739
215 1 -3.57788 0.308541
216 1 -3.5749 0.314716
217 1 -3.57795 0.345861
218 1 -3.56465 0.332936
219 1 -3.58188 0.346662
220 1 -3.56108 0.328328
221 1 -3.58043 0.310563
222 1 -3.5776 0.303842
223 1 -3.59054 0.283085
224 1 -3.59815 0.276282
225 1 -3.6016 0.28166
226 1 -3.59885 0.268086
227 1 -3.60015 0.261591
228 1 -3.59553 0.269436
229 1 -3.57441 0.276262
230 1 -3.55701 0.271639
231 1 -3.56563 0.279807
232 1 -3.55784 0.282079
233 1 -3.55838 0.290296
234 1 -3.5536 0.277334
235 1 -3.53251 0.284381
236 1 -3.54191 0.281649
237 1 -3.57233 0.299608
238 1 -3.56979 0.281354
239 1 -3.58017 0.290872
240 1 -3.5864 0.280733
241 1 -3.59242 0.285767
242 1 -3.60133 0.284747
243 1 -3.59643 0.274492
244 1 -3.60495 0.282347
245 1 -3.63193 0.298969
246 1 -3.63932 0.295363
247 1 -3.64258 0.284214
248 1 -3.65351 0.295838
249 1 -3.67669 0.317037
250 1 -3.69514 0.329978
251 1 -3.69791 0.307755
252 1 -3.68999 0.307199
253 1 -3.68058 0.318253
254 1 -3.68033 0.327559
255 1 -3.66983 0.330862
256 1 -3.66756 0.324471
257 1 -3.69362 0.317771
258 1 -3.7154 0.301826
259 1 -3.71261 0.293161
260 1 -3.7186 0.288265
261 1 -3.72549 0.275082
262 1 -3.71662 0.272455
263 1 -3.70913 0.254906
264 1 -3.69204 0.244682
265 1 -3.66449 0.237191
266 1 -3.65465 0.246507
267 1 -3.6569 0.250807
268 1 -3.66472 0.260119
269 1 -3.65375 0.261603
270 1 -3.65972 0.272658
271 1 -3.67171 0.265576
272 1 -3.67873 0.286573
273 1 -3.68632 0.271648
274 1 -3.69033 0.286256
275 1 -3.70929 0.280488
276 1 -3.71621 0.284872
277 1 -3.68355 0.287698
278 1 -3.6938 0.297573
279 1 -3.7026 0.296557
280 1 -3.69375 0.292613
281 1 -3.69365 0.317277
282 1 -3.68484 0.304967
283 1 -3.69134 0.282996
284 1 -3.70433 0.300818
285 1 -3.71413 0.29884
286 1 -3.68233 0.292739
287 1 -3.69719 0.29918
288 1 -3.68566 0.298876
289 1 -3.70315 0.293323
290 1 -3.69795 0.283391
291 1 -3.6944 0.270817
292 1 -3.71644 0.272496
293 1 -3.71261 0.283095
294 1 -3.70314 0.303833
295 1 -3.68262 0.326132
296 1 -3.68191 0.353148
297 1 -3.64771 0.360268
298 1 -3.65579 0.345904
299 1 -3.65465 0.337118
300 1 -3.64806 0.336949
301 1 -3.63027 0.331059
302 1 -3.61939 0.350317
303 1 -3.63547 0.341038
304 1 -3.63154 0.345068
305 1 -3.64353 0.343032
306 1 -3.62247 0.352842
307 1 -3.6179 0.3413
308 1 -3.61336 0.340619
309 1 -3.61705 0.322037
310 1 -3.63064 0.318843
311 1 -3.64648 0.319441
312 1 -3.60818 0.339172
313 1 -3.58811 0.34826
314 1 -3.60401 0.359391
315 1 -3.60092 0.335615
316 1 -3.59228 0.313593
317 1 -3.58859 0.318411
318 1 -3.6102 0.320855
319 1 -3.59082 0.321674
320 1 -3.60428 0.289504
321 1 -3.6001 0.290063
322 1 -3.59884 0.286222
323 1 -3.59769 0.296368
324 1 -3.59922 0.291601
325 1 -3.60353 0.31918
326 1 -3.59705 0.34287
327 1 -3.58555 0.349292
328 1 -3.5822 0.340181
329 1 -3.57589 0.320518
330 1 -3.58343 0.3216
331 1 -3.60524 0.323881
332 1 -3.5976 0.325701
333 1 -3.60397 0.319289
334 1 -3.60495 0.348763
335 1 -3.57701 0.331865
336 1 -3.56621 0.344608
337 1 -3.57215 0.321676
338 1 -3.56958 0.316026
339 1 -3.5702 0.296805
340 1 -3.5555 0.306261
341 1 -3.57337 0.321379
342 1 -3.56707 0.330989
343 1 -3.55101 0.319316
344 1 -3.55195 0.319073
345 1 -3.53225 0.299322
346 1 -3.52536 0.307287
347 1 -3.51278 0.330985
348 1 -3.50775 0.32761
349 1 -3.5345 0.339631
350 1 -3.5218 0.344253
351 1 -3.51837 0.333213
352 1 -3.51312 0.332956
353 1 -3.50857 0.333356
354 1 -3.50606 0.32762
355 1 -3.50051 0.321077
356 1 -3.50455 0.292027
357 1 -3.48586 0.293127
358 1 -3.47723 0.311996
359 1 -3.4972 0.322579
360 1 -3.49308 0.306198
361 1 -3.50495 0.308324
362 1 -3.50773 0.315831
363 1 -3.5057 0.316936
364 1 -3.51589 0.314378
365 1 -3.50476 0.314313
366 1 -3.5041 0.289635
367 1 -3.50172 0.290684
368 1 -3.49417 0.284117
369 1 -3.46509 0.307826
370 1 -3.47266 0.26807
371 1 -3.49943 0.247275
372 1 -3.48432 0.242913
373 1 -3.47488 0.260692
374 1 -3.51471 0.260481
375 1 -3.51994 0.245578
376 1 -3.50888 0.252552
377 1 -3.53241 0.257431
378 1 -3.54136 0.248859
379 1 -3.56172 0.251786
380 1 -3.56107 0.25119
381 1 -3.55979 0.2391
382 1 -3.5459 0.258186
383 1 -3.54321 0.246602
384 1 -3.53951 0.236681
385 1 -3.52422 0.231478
386 1 -3.52819 0.239081
387 1 -3.51615 0.242474
388 1 -3.52294 0.26336
389 1 -3.54452 0.273221
390 1 -3.54644 0.281874
391 1 -3.54554 0.28402
392 1 -3.55787 0.281521
393 1 -3.52751 0.280586
394 1 -3.53956 0.275876
395 1 -3.53912 0.279137
396 1 -3.53051 0.26216
397 1 -3.52542 0.283039
398 1 -3.53028 0.304937
399 1 -3.52722 0.305562
400 1 -3.53765 0.308562
401 1 -3.52284 0.287569
402 1 -3.54325 0.278385
403 1 -3.54326 0.291441
404 1 -3.53067 0.280634
405 1 -3.5409 0.280942
406 1 -3.5409 0.276394
407 1 -3.53748 0.261221
408 1 -3.53976 0.249736
409 1 -3.53781 0.279871
410 1 -3.53786 0.242857
411 1 -3.55788 0.26613
412 1 -3.53866 0.298105
413 1 -3.53289 0.259582
414 1 -3.50824 0.24981
415 1 -3.50527 0.234438
416 1 -3.49858 0.276083
417 1 -3.49446 0.265681
418 1 -3.49118 0.271095
419 1 -3.48923 0.29403
420 1 -3.49548 0.277521
421 1 -3.50225 0.275702
422 1 -3.45833 0.277259
423 1 -3.47267 0.284248
424 1 -3.4572 0.281761
425 1 -3.46726 0.27399
426 1 -3.47907 0.259798
427 1 -3.4589 0.275471
428 1 -3.45255 0.255502
429 1 -3.45206 0.259232
430 1 -3.44951 0.262653
431 1 -3.44394 0.273181
432 1 -3.45957 0.27243
433 1 -3.46405 0.261112
434 1 -3.4731 0.263457
435 1 -3.46878 0.286539
436 1 -3.45875 0.298307
437 1 -3.46994 0.268147
438 1 -3.49255 0.275095
439 1 -3.49336 0.293761
440 1 -3.4855 0.288301
441 1 -3.50607 0.315826
442 1 -3.51052 0.333326
443 1 -3.49752 0.338834
444 1 -3.50445 0.340479
445 1 -3.49272 0.337765
446 1 -3.49773 0.339375
447 1 -3.48508 0.332276
448 1 -3.50774 0.33916
449 1 -3.50768 0.332643
450 1 -3.49992 0.314917
451 1 -3.49156 0.323723
452 1 -3.49161 0.334591
453 1 -3.48588 0.349601
454 1 -3.49955 0.351562
455 1 -3.50652 0.35126
456 1 -3.50661 0.31615
457 1 -3.52391 0.309981
458 1 -3.54634 0.28895
459 1 -3.53677 0.290352
460 1 -3.51357 0.283619
461 1 -3.51478 0.290438
462 1 -3.47845 0.287304
463 1 -3.4867 0.278877
464 1 -3.48328 0.276159
465 1 -3.47524 0.281124
466 1 -3.46743 0.288781
467 1 -3.47595 0.287257
468 1 -3.46367 0.277864
469 1 -3.44909 0.277866
470 1 -3.46794 0.295613
471 1 -3.47215 0.283305
472 1 -3.46017 0.263947
473 1 -3.43592 0.274438
474 1 -3.43706 0.324245
475 1 -3.44479 0.310644
476 1 -3.4496 0.291382
477 1 -3.41623 0.27865
478 1 -3.39853 0.293771
479 1 -3.40753 0.314426
480 1 -3.43097 0.287512
481 1 -3.43582 0.273749
482 1 -3.44016 0.271375
483 1 -3.44485 0.262759
484 1 -3.42842 0.264307
485 1 -3.41696 0.282096
486 1 -3.39834 0.278349
487 1 -3.40747 0.257285
488 1 -3.39057 0.254663
489 1 -3.39093 0.272742
490 1 -3.3769 0.267619
491 1 -3.38519 0.23593
492 1 -3.39134 0.259976
493 1 -3.39838 0.260444
494 1 -3.38955 0.230777
495 1 -3.3921 0.229062
496 1 -3.39946 0.210659
497 1 -3.42828 0.203573
498 1 -3.41777 0.201766
499 1 -3.44988 0.212869
500 1 -3.46496 0.213616
501 1 -3.45286 0.197492
502 1 -3.47331 0.182743
503 1 -3.47273 0.165253
504 1 -3.46495 0.179949
505 1 -3.46249 0.190409
506 1 -3.46699 0.196622
507 1 -3.47816 0.194961
508 1 -3.47322 0.185433
509 1 -3.4822 0.196684
510 1 -3.5155 0.174207
511 1 -3.50431 0.180492
512 1 -3.52999 0.176913
513 1 -3.53411 0.18116
514 1 -3.50089 0.176893
515 1 -3.50792 0.184379
516 1 -3.49875 0.174621
517 1 -3.50902 0.158904
518 1 -3.50831 0.162029
519 1 -3.50127 0.171215
520 1 -3.47747 0.188866
521 1 -3.47982 0.186019
522 1 -3.49614 0.17908
523 1 -3.49424 0.204199
524 1 -3.50013 0.198801
525 1 -3.48144 0.174627
526 1 -3.46983 0.175073
527 1 -3.45972 0.18581
528 1 -3.4674 0.186642
529 1 -3.48424 0.198053
530 1 -3.46845 0.208203
531 1 -3.49097 0.213102
532 1 -3.49031 0.204702
533 1 -3.47355 0.205874
534 1 -3.48157 0.174034
535 1 -3.46412 0.182536
536 1 -3.47659 0.186963
537 1 -3.48423 0.165888
538 1 -3.48108 0.168058
539 1 -3.47283 0.164499
540 1 -3.47333 0.153214
541 1 -3.46146 0.1407
542 1 -3.46817 0.140053
543 1 -3.4751 0.153793
544 1 -3.48743 0.161645
545 1 -3.48472 0.15489
546 1 -3.49038 0.171763
547 1 -3.48686 0.177397
548 1 -3.48473 0.158338
549 1 -3.48906 0.180744
550 1 -3.48454 0.176518
551 1 -3.46074 0.185917
552 1 -3.46079 0.190846
553 1 -3.4461 0.1921
554 1 -3.42878 0.187026
555 1 -3.39283 0.18961
556 1 -3.39387 0.164175
557 1 -3.41719 0.162372
558 1 -3.41524 0.170428
559 1 -3.42651 0.153532
560 1 -3.41217 0.177751
561 1 -3.40298 0.178138
562 1 -3.40554 0.156431
563 1 -3.39311 0.150487
564 1 -3.40306 0.151672
565 1 -3.41693 0.120801
566 1 -3.41006 0.116894
567 1 -3.42713 0.112735
568 1 -3.42211 0.100198
569 1 -3.4297 0.0937688
570 1 -3.4301 0.0848428
571 1 -3.43928 0.112327
572 1 -3.42 0.131637
573 1 -3.40759 0.135296
574 1 -3.41216 0.143995
575 1 -3.41459 0.118348
576 1 -3.42536 0.0977869
577 1 -3.43551 0.0848155
578 1 -3.43213 0.0864505
579 1 -3.43405 0.0671022
580 1 -3.41673 0.0664532
581 1 -3.4184 0.0684488
582 1 -3.42439 0.0454555
583 1 -3.4213 0.0610657
584 1 -3.42347 0.0488763
585 1 -3.42432 0.0282689
586 1 -3.41514 0.0247421
587 1 -3.41356 0.0202246
588 1 -3.41918 0.014466
589 1 -3.42183 -0.00919957
590 1 -3.44229 -0.0319511
591 1 -3.42271 -0.0289762
592 1 -3.43782 -0.018824
593 1 -3.41198 0.00262931
594 1 -3.4094 0.00427768
595 1 -3.41664 0.00658945
596 1 -3.41519 -0.00582159
597 1 -3.42513 0.0165822
598 1 -3.42889 0.0141505
599 1 -3.41533 0.0333747
600 1 -3.41326 0.0424268
601 1 -3.42621 0.0379857
602 1 -3.43843 0.0367989
603 1 -3.42575 0.0239188
604 1 -3.41141 0.0338895
605 1 -3.40412 0.026628
606 1 -3.39339 0.0352245
607 1 -3.39333 0.0140184
608 1 -3.39629 -0.00790097
609 1 -3.40338 -0.0149989
610 1 -3.3785 -0.0154267
611 1 -3.36175 -0.00196937
612 1 -3.38298 0.0300087
613 1 -3.38746 0.0298275
614 1 -3.40081 0.0117147
615 1 -3.40756 0.0291824
616 1 -3.42318 0.0378334
617 1 -3.45477 0.0464797
618 1 -3.4399 0.0379547
619 1 -3.42526 0.0366949
620 1 -3.42501 0.0361675
621 1 -3.43819 0.0423936
622 1 -3.43467 0.0642549
623 1 -3.44513 0.0688991
624 1 -3.44494 0.0490088
625 1 -3.4707 0.0329994
626 1 -3.47484 0.00896913
627 1 -3.48009 0.0109502
628 1 -3.48739 -0.00834009
629 1 -3.49042 -0.0184218
630 1 -3.4691 -0.00622576
631 1 -3.45725 -0.0237087
632 1 -3.4717 -0.0199496
633 1 -3.48624 -0.0296208
634 1 -3.47526 -0.0333079
635 1 -3.47945 -0.0233728
636 1 -3.47867 -0.0207813
637 1 -3.45746 -0.0193691
638 1 -3.44517 -0.014342
639 1 -3.43717 0.0126372
640 1 -3.43925 0.00646204
641 1 -3.43947 -0.00326235
642 1 -3.46804 -0.0300292
643 1 -3.47383 -0.0222317
644 1 -3.45513 -0.01273
645 1 -3.46638 -0.026695
646 1 -3.46924 -0.00957647
647 1 -3.48793 -0.0249278
648 1 -3.47743 -0.0503774
649 1 -3.48457 -0.0228123
650 1 -3.50381 -0.0280237
651 1 -3.51422 -0.0354445
652 1 -3.49562 -0.0327095
653 1 -3.48194 -0.0356231
654 1 -3.47452 -0.0254754
655 1 -3.44557 -0.0106544
656 1 -3.42962 0.00712017
657 1 -3.44215 -0.00320823
658 1 -3.42502 -0.0231788
659 1 -3.40463 -0.0201643
660 1 -3.43215 -0.0249121
661 1 -3.4203 -0.0261098
662 1 -3.41093 -0.0239989
663 1 -3.40898 -0.0150787
664 1 -3.39553 -0.0168086
665 1 -3.41508 -0.0292854
666 1 -3.39841 -0.0449179
667 1 -3.41534 -0.0550759
668 1 -3.41804 -0.0423559
669 1 -3.41056 -0.049755
670 1 -3.40919 -0.0532088
671 1 -3.40503 -0.05407
672 1 -3.39409 -0.0747888
673 1 -3.40213 -0.090938
674 1 -3.39255 -0.117293
675 1 -3.41551 -0.130506
676 1 -3.39985 -0.105973
677 1 -3.40743 -0.114553
678 1 -3.37894 -0.136835
679 1 -3.37606 -0.145177
680 1 -3.37062 -0.166513
681 1 -3.36075 -0.158998
682 1 -3.35062 -0.129538
683 1 -3.37832 -0.139745
684 1 -3.37388 -0.12911
685 1 -3.37243 -0.0869002
686 1 -3.37645 -0.0938612
687 1 -3.3933 -0.0735491
688 1 -3.39073 -0.0788402
689 1 -3.38862 -0.100986
690 1 -3.39933 -0.115312
691 1 -3.3857 -0.133957
692 1 -3.39628 -0.130305
693 1 -3.40847 -0.115947
694 1 -3.42147 -0.116828
695 1 -3.43604 -0.141851
696 1 -3.42505 -0.15308
697 1 -3.40837 -0.165047
698 1 -3.37905 -0.164874
699 1 -3.3591 -0.170187
700 1 -3.37487 -0.199631
701 1 -3.37144 -0.18506
702 1 -3.37898 -0.162394
703 1 -3.3656 -0.156785
704 1 -3.39189 -0.133095
705 1 -3.40385 -0.123511
706 1 -3.40178 -0.137657
707 1 -3.41018 -0.144408
708 1 -3.4168 -0.16764
709 1 -3.40928 -0.154373
710 1 -3.44278 -0.162039
711 1 -3.45515 -0.165105
712 1 -3.46379 -0.170228
713 1 -3.46302 -0.15819
714 1 -3.49308 -0.164003
715 1 -3.49672 -0.195464
716 1 -3.51683 -0.204668
717 1 -3.49508 -0.182182
718 1 -3.50451 -0.172871
719 1 -3.52668 -0.166572
720 1 -3.50804 -0.183659
721 1 -3.50216 -0.194874
722 1 -3.4821 -0.194723
723 1 -3.49048 -0.215612
724 1 -3.50717 -0.195056
725 1 -3.50754 -0.200867
726 1 -3.50164 -0.181377
727 1 -3.48677 -0.18189
728 1 -3.48238 -0.154139
729 1 -3.47558 -0.145143
730 1 -3.46146 -0.139444
731 1 -3.44364 -0.139477
732 1 -3.44207 -0.115518
733 1 -3.42954 -0.119275
734 1 -3.43641 -0.130646
735 1 -3.44882 -0.112604
736 1 -3.45303 -0.121219
737 1 -3.44712 -0.112957
738 1 -3.46069 -0.14543
739 1 -3.48152 -0.149204
740 1 -3.48481 -0.151729
741 1 -3.49322 -0.171759
742 1 -3.48801 -0.177198
743 1 -3.48328 -0.195357
744 1 -3.42865 -0.182992
745 1 -3.42219 -0.172602
746 1 -3.39885 -0.191424
747 1 -3.39458 -0.204732
748 1 -3.37913 -0.210978
749 1 -3.39613 -0.176105
750 1 -3.39937 -0.16477
751 1 -3.41392 -0.167602
752 1 -3.42875 -0.177816
753 1 -3.41826 -0.182487
754 1 -3.43463 -0.201617
755 1 -3.43009 -0.175997
756 1 -3.40196 -0.171372
757 1 -3.42628 -0.163925
758 1 -3.41513 -0.160879
759 1 -3.42891 -0.152753
760 1 -3.44617 -0.141418
761 1 -3.45137 -0.173911
762 1 -3.4522 -0.14404
763 1 -3.41597 -0.142953
764 1 -3.43052 -0.133701
765 1 -3.45428 -0.118542
766 1 -3.45843 -0.114158
767 1 -3.4603 -0.127211
768 1 -3.46457 -0.12836
769 1 -3.45851 -0.147669
770 1 -3.45871 -0.118737
771 1 -3.44567 -0.0907107
772 1 -3.44951 -0.128443
773 1 -3.45856 -0.126553
774 1 -3.46549 -0.125961
775 1 -3.4448 -0.141248
776 1 -3.46349 -0.148565
777 1 -3.47392 -0.14301
778 1 -3.4654 -0.134165
779 1 -3.4535 -0.131547
780 1 -3.46332 -0.140405
781 1 -3.45352 -0.123139
782 1 -3.43295 -0.104152
783 1 -3.45454 -0.118908
784 1 -3.42858 -0.1325
785 1 -3.42828 -0.15067
786 1 -3.42161 -0.167937
787 1 -3.4056 -0.177998
788 1 -3.3978 -0.1464
789 1 -3.39215 -0.121266
790 1 -3.36217 -0.105194
791 1 -3.35244 -0.108637
792 1 -3.3258 -0.101224
793 1 -3.31676 -0.1038
794 1 -3.32353 -0.110843
795 1 -3.32085 -0.10388
796 1 -3.35353 -0.0806136
797 1 -3.36193 -0.114447
798 1 -3.36484 -0.093309
799 1 -3.37369 -0.10193
800 1 -3.38498 -0.103847
801 1 -3.39186 -0.117086
802 1 -3.41345 -0.115037
803 1 -3.40576 -0.125239
804 1 -3.41293 -0.122987
805 1 -3.41537 -0.126975
806 1 -3.41819 -0.1177
807 1 -3.42414 -0.11761
808 1 -3.44515 -0.135571
809 1 -3.43372 -0.120183
810 1 -3.4426 -0.132385
811 1 -3.45099 -0.139646
812 1 -3.47137 -0.131683
813 1 -3.48153 -0.131606
814 1 -3.47764 -0.114749
815 1 -3.47773 -0.109441
816 1 -3.49039 -0.0983899
817 1 -3.49329 -0.11823
818 1 -3.48467 -0.124786
819 1 -3.4978 -0.115136
820 1 -3.4839 -0.114871
821 1 -3.48878 -0.109533
822 1 -3.4695 -0.111753
823 1 -3.4747 -0.14158
824 1 -3.47719 -0.132843
825 1 -3.47445 -0.130034
826 1 -3.44896 -0.132982
827 1 -3.44822 -0.130689
828 1 -3.44871 -0.142459
829 1 -3.44331 -0.137648
830 1 -3.44555 -0.154618
831 1 -3.47708 -0.136887
832 1 -3.47943 -0.163826
833 1 -3.50135 -0.133352
834 1 -3.49691 -0.108349
835 1 -3.50397 -0.114024
836 1 -3.52874 -0.111728
837 1 -3.54666 -0.105165
838 1 -3.56215 -0.104628
839 1 -3.57137 -0.109622
840 1 -3.57713 -0.112773
841 1 -3.5832 -0.100365
842 1 -3.58833 -0.0950414
843 1 -3.58179 -0.0995547
844 1 -3.61017 -0.0793164
845 1 -3.58849 -0.0838293
846 1 -3.58822 -0.0812713
847 1 -3.6122 -0.0915358
848 1 -3.60638 -0.0992442
849 1 -3.61394 -0.117245
850 1 -3.61415 -0.115545
851 1 -3.61301 -0.0971668
852 1 -3.63237 -0.0901703
853 1 -3.62657 -0.0986452
854 1 -3.63834 -0.0801415
855 1 -3.63046 -0.0685799
856 1 -3.64084 -0.0664838
857 1 -3.6283 -0.0855315
858 1 -3.62161 -0.0733982
859 1 -3.60028 -0.0765089
860 1 -3.58077 -0.0738112
861 1 -3.59852 -0.089055
862 1 -3.56746 -0.0906726
863 1 -3.55753 -0.11761
864 1 -3.57177 -0.101381
865 1 -3.56839 -0.102785
866 1 -3.54504 -0.114475
867 1 -3.53769 -0.107622
868 1 -3.5333 -0.118805
869 1 -3.54103 -0.0881728
870 1 -3.53528 -0.0715743
871 1 -3.53732 -0.0640066
872 1 -3.52482 -0.0510685
873 1 -3.55665 -0.0796797
874 1 -3.55076 -0.0790213
875 1 -3.54467 -0.0891943
876 1 -3.54704 -0.075222
877 1 -3.5543 -0.0837326
878 1 -3.59458 -0.0925986
879 1 -3.59879 -0.0743791
880 1 -3.56902 -0.0777861
881 1 -3.54007 -0.0974995
882 1 -3.54153 -0.109902
883 1 -3.53019 -0.121226
884 1 -3.52876 -0.104092
885 1 -3.52825 -0.0956698
886 1 -3.52718 -0.109844
887 1 -3.52794 -0.128555
888 1 -3.49998 -0.155135
889 1 -3.50744 -0.153928
890 1 -3.49323 -0.160939
891 1 -3.49726 -0.172413
892 1 -3.46984 -0.156616
893 1 -3.49293 -0.16016
894 1 -3.48941 -0.162458
895 1 -3.47011 -0.183652
896 1 -3.45941 -0.185905
897 1 -3.47717 -0.16885
898 1 -3.46676 -0.183385
899 1 -3.4715 -0.167878
900 1 -3.45072 -0.17864
901 1 -3.46122 -0.150422
902 1 -3.46437 -0.164047
903 1 -3.45811 -0.147114
904 1 -3.45927 -0.14489
905 1 -3.43351 -0.157051
906 1 -3.45457 -0.152505
907 1 -3.46482 -0.146089
908 1 -3.44321 -0.128346
909 1 -3.43809 -0.130815
910 1 -3.40752 -0.118646
911 1 -3.41698 -0.122325
912 1 -3.42751 -0.12269
913 1 -3.42941 -0.0977527
914 1 -3.44224 -0.072917
915 1 -3.42622 -0.0774026
916 1 -3.43058 -0.0741075
917 1 -3.42415 -0.0766095
918 1 -3.41519 -0.0519401
919 1 -3.40515 -0.0446389
920 1 -3.39581 -0.0852768
921 1 -3.40585 -0.0912001
922 1 -3.40666 -0.093582
923 1 -3.40813 -0.0885016
924 1 -3.40909 -0.0831323
925 1 -3.41078 -0.0811872
926 1 -3.42075 -0.0546945
927 1 -3.43555 -0.0715375
928 1 -3.41682 -0.0471534
929 1 -3.41391 -0.0291715
930 1 -3.39354 -0.0324096
931 1 -3.41352 -0.0313772
932 1 -3.40218 -0.0264739
933 1 -3.38397 -0.00569939
934 1 -3.37102 -0.0211499
935 1 -3.35565 -0.0256191
936 1 -3.36834 -0.0188002
937 1 -3.35171 -0.0116767
938 1 -3.36211 -0.0309589
939 1 -3.38495 -0.024408
940 1 -3.38024 -0.0192131
941 1 -3.35292 0.011594
942 1 -3.36551 0.0129359
943 1 -3.37405 -0.00713742
944 1 -3.35886 -0.00876783
945 1 -3.38988 -0.00732309
946 1 -3.40423 -0.00357632
947 1 -3.38728 -0.00606548
948 1 -3.39515 -0.00697377
949 1 -3.39252 -0.0162258
950 1 -3.40438 -0.00862162
951 1 -3.42699 -0.0151441
952 1 -3.43706 -0.019029
953 1 -3.41789 -0.0360086
954 1 -3.39946 -0.0242156
955 1 -3.41563 -0.0316147
956 1 -3.42068 -0.0403216
957 1 -3.43815 -0.0131783
958 1 -3.46038 -0.0164621
959 1 -3.4697 -0.0160127
960 1 -3.47625 -0.0157679
961 1 -3.48767 -0.0105476
962 1 -3.49128 -0.0118866
963 1 -3.50727 -0.0149671
964 1 -3.49797 -0.0178185
965 1 -3.49143 -0.0121645
966 1 -3.49549 0.000624979
967 1 -3.49418 -0.00897585
968 1 -3.51493 -0.0107742
969 1 -3.51122 -0.0158344
970 1 -3.51783 -0.02573
971 1 -3.48841 -0.0232312
972 1 -3.48469 -0.0119558
973 1 -3.47133 -0.0216447
974 1 -3.48565 0.0219525
975 1 -3.46191 0.0384249
976 1 -3.45559 0.0662249
977 1 -3.44654 0.0676873
978 1 -3.44992 0.0402404
979 1 -3.44384 0.0151494
980 1 -3.42836 0.00170697
981 1 -3.42915 -0.00765095
982 1 -3.43661 -0.0113654
983 1 -3.44308 -0.0181338
984 1 -3.46442 -0.0230068
985 1 -3.47585 -0.0170286
986 1 -3.47706 -0.0266119
987 1 -3.45089 -0.0270708
988 1 -3.4553 -0.0431888
989 1 -3.47125 -0.0363164
990 1 -3.49105 -0.0386492
991 1 -3.48172 -0.0291
992 1 -3.48961 -0.0285449
993 1 -3.48871 -0.026808
994 1 -3.47903 -0.0238649
995 1 -3.47249 -0.0352877
996 1 -3.48504 -0.00396003
997 1 -3.4791 -0.000808311
998 1 -3.47855 -0.0110757
999 1 -3.45437 -0.036818
1000 1 -3.48245 -0.0166372
1001 1 -3.48476 -0.0270116
1002 1 -3.48795 -0.00778075
1003 1 -3.4879 -0.00120678
1004 1 -3.50009 0.0277645
1005 1 -3.52162 0.03974
1006 1 -3.53299 0.0694514
1007 1 -3.51127 0.0726956
1008 1 -3.52722 0.0837476
1009 1 -3.51576 0.0869184
1010 1 -3.48396 0.0732611
1011 1 -3.49655 0.0215137
1012 1 -3.51713 0.0289352
1013 1 -3.5149 0.0498881
1014 1 -3.48971 0.0410333
1015 1 -3.47003 0.021051
1016 1 -3.47428 0.00566473
1017 1 -3.49279 0.0277647
1018 1 -3.49538 0.0269636
1019 1 -3.48229 0.0126362
1020 1 -3.49902 0.0178257
1021 1 -3.50445 0.0275377
1022 1 -3.51422 0.00480131
1023 1 -3.50054 0.00442817
1024 1 -3.51633 0.0171879
1025 1 -3.53345 0.00875179
1026 1 -3.52016 0.0328977
1027 1 -3.50431 0.0409307
1028 1 -3.47783 0.0234264
1029 1 -3.49481 0.0415017
1030 1 -3.4948 0.0602353
1031 1 -3.48763 0.03687
1032 1 -3.46208 0.0311547
1033 1 -3.50376 0.0236695
1034 1 -3.49541 0.0544301
1035 1 -3.48402 0.0435068
1036 1 -3.48358 0.0688877
1037 1 -3.46464 0.0746348
1038 1 -3.47954 0.0766791
1039 1 -3.50454 0.0779997
1040 1 -3.49645 0.10791
1041 1 -3.49497 0.120058
1042 1 -3.47029 0.138941
1043 1 -3.49338 0.12597
1044 1 -3.50213 0.122311
1045 1 -3.48699 0.121917
1046 1 -3.48422 0.105486
1047 1 -3.50544 0.122151
1048 1 -3.521 0.132438
1049 1 -3.5021 0.147479
1050 1 -3.48897 0.134202
1051 1 -3.49295 0.123254
1052 1 -3.47864 0.127037
1053 1 -3.4797 0.125064
1054 1 -3.46004 0.124726
1055 1 -3.46921 0.128205
1056 1 -3.47096 0.157341
1057 1 -3.44439 0.167217
1058 1 -3.44772 0.164912
1059 1 -3.44649 0.156679
1060 1 -3.40547 0.158108
1061 1 -3.4153 0.139707
1062 1 -3.41145 0.132074
1063 1 -3.41497 0.110329
1064 1 -3.41262 0.120292
1065 1 -3.40032 0.101096
1066 1 -3.41262 0.0735542
1067 1 -3.40124 0.0482293
1068 1 -3.41266 0.0400867
1069 1 -3.4024 0.0393475
1070 1 -3.40649 0.0522953
1071 1 -3.40963 0.0659552
1072 1 -3.40262 0.0751524
1073 1 -3.41613 0.0634348
1074 1 -3.40197 0.0485265
1075 1 -3.39474 0.0548889
1076 1 -3.39049 0.0484994
1077 1 -3.40781 0.0410387
1078 1 -3.40643 0.0481707
1079 1 -3.38406 0.0638681
1080 1 -3.39627 0.0554976
1081 1 -3.3766 0.0481721
1082 1 -3.3845 0.029531
1083 1 -3.39007 0.0129271
1084 1 -3.38611 0.00711087
1085 1 -3.37339 0.0180735
1086 1 -3.36022 -0.00948641
1087 1 -3.36044 -0.0141462
1088 1 -3.36911 0.0134828
1089 1 -3.37262 0.00994713
1090 1 -3.36236 0.0411204
1091 1 -3.37502 0.0465338
1092 1 -3.37642 0.0494933
1093 1 -3.38039 0.0519276
1094 1 -3.40418 0.0733158
1095 1 -3.40715 0.0602773
1096 1 -3.42373 0.079523
1097 1 -3.42689 0.0955822
1098 1 -3.44293 0.0826391
1099 1 -3.44076 0.0913152
1100 1 -3.42435 0.0766901
1101 1 -3.4074 0.0917899
1102 1 -3.41275 0.0896737
1103 1 -3.41078 0.0864368
1104 1 -3.42573 0.0781788
1105 1 -3.44571 0.0683409
1106 1 -3.43824 0.0644136
1107 1 -3.43957 0.0516884
1108 1 -3.45587 0.0479474
1109 1 -3.47993 0.0231517
1110 1 -3.4595 0.0286289
1111 1 -3.47226 0.0310144
1112 1 -3.47345 0.0327243
1113 1 -3.48072 0.0232483
1114 1 -3.49122 0.0167628
1115 1 -3.48262 0.0331322
1116 1 -3.45896 0.0392987
1117 1 -3.47239 0.0546522
1118 1 -3.46419 0.0533216
1119 1 -3.46193 0.0439998
1120 1 -3.47264 0.0378984
1121 1 -3.48374 0.0190511
1122 1 -3.4881 0.0273876
1123 1 -3.48796 0.00242751
1124 1 -3.50248 0.0192419
1125 1 -3.50659 0.0205432
1126 1 -3.50402 0.0305224
1127 1 -3.52598 0.0359981
1128 1 -3.53611 0.0228293
1129 1 -3.53687 0.0085577
1130 1 -3.50374 -0.00856685
1131 1 -3.51668 -0.00704962
1132 1 -3.51939 -0.0224455
1133 1 -3.53193 0.00418727
1134 1 -3.53087 0.0207126
1135 1 -3.53759 0.0205589
1136 1 -3.5229 0.0260271
1137 1 -3.51811 0.0432615
1138 1 -3.53964 0.0404499
1139 1 -3.55431 0.0326633
1140 1 -3.55457 0.0490985
1141 1 -3.5531 0.0798238
1142 1 -3.58345 0.0923668
1143 1 -3.57003 0.0795592
1144 1 -3.56846 0.0707069
1145 1 -3.59026 0.0711372
1146 1 -3.59085 0.0681008
1147 1 -3.61749 0.0758749
1148 1 -3.59798 0.0726783
1149 1 -3.59084 0.0889079
1150 1 -3.60045 0.093687
1151 1 -3.59265 0.104647
1152 1 -3.5886 0.105175
1153 1 -3.59921 0.114086
1154 1 -3.59751 0.126117
1155 1 -3.58204 0.139574
1156 1 -3.56889 0.158161
1157 1 -3.55168 0.146653
1158 1 -3.54422 0.148607
1159 1 -3.54419 0.159308
1160 1 -3.54297 0.142218
1161 1 -3.52417 0.174043
1162 1 -3.51591 0.161166
1163 1 -3.52277 0.167573
1164 1 -3.52896 0.162568
1165 1 -3.52285 0.175663
1166 1 -3.52586 0.182907
1167 1 -3.53398 0.174638
1168 1 -3.52782 0.163712
1169 1 -3.54102 0.144516
1170 1 -3.53875 0.141619
1171 1 -3.54883 0.154427
1172 1 -3.551 0.175829
1173 1 -3.5464 0.182452
1174 1 -3.53238 0.182324
1175 1 -3.54259 0.183316
1176 1 -3.55719 0.190041
1177 1 -3.52588 0.197257
1178 1 -3.51469 0.189076
1179 1 -3.53247 0.167509
1180 1 -3.52427 0.156447
1181 1 -3.50765 0.148184
1182 1 -3.52545 0.12702
1183 1 -3.50941 0.129252
1184 1 -3.51265 0.127746
1185 1 -3.49346 0.120607
1186 1 -3.47318 0.109003
1187 1 -3.49604 0.101141
1188 1 -3.48398 0.108371
1189 1 -3.46337 0.0932395
1190 1 -3.45035 0.109618
1191 1 -3.4337 0.123223
1192 1 -3.42824 0.132046
1193 1 -3.44835 0.166788
1194 1 -3.43664 0.180407
1195 1 -3.4246 0.173351
1196 1 -3.42973 0.179525
1197 1 -3.43085 0.169512
1198 1 -3.45115 0.164374
1199 1 -3.43814 0.165681
1200 1 -3.43678 0.1801
1201 1 -3.42611 0.191887
1202 1 -3.4294 0.194336
1203 1 -3.45468 0.209851
1204 1 -3.47313 0.186066
1205 1 -3.46308 0.185133
1206 1 -3.45201 0.183941
1207 1 -3.45598 0.195155
1208 1 -3.45626 0.227319
1209 1 -3.47991 0.231772
1210 1 -3.4908 0.232151
1211 1 -3.49972 0.223297
1212 1 -3.51458 0.260924
1213 1 -3.5303 0.276519
1214 1 -3.53212 0.287859
1215 1 -3.53502 0.301249
1216 1 -3.52992 0.289995
1217 1 -3.53483 0.258638
1218 1 -3.57031 0.257636
1219 1 -3.56942 0.236985
1220 1 -3.57507 0.254766
1221 1 -3.59647 0.265118
1222 1 -3.61218 0.25466
1223 1 -3.61205 0.241052
1224 1 -3.61718 0.251652
1225 1 -3.62538 0.246323
1226 1 -3.61027 0.232186
1227 1 -3.60832 0.223006
1228 1 -3.59771 0.220208
1229 1 -3.60595 0.205292
1230 1 -3.58548 0.227797
1231 1 -3.61033 0.21903
1232 1 -3.62156 0.219176
1233 1 -3.61706 0.218265
1234 1 -3.62188 0.207534
1235 1 -3.60426 0.212356
1236 1 -3.58227 0.208776
1237 1 -3.57773 0.194208
1238 1 -3.57034 0.219516
1239 1 -3.54577 0.23144
1240 1 -3.53186 0.244629
1241 1 -3.5101 0.245681
1242 1 -3.48565 0.2393
1243 1 -3.49849 0.22828
1244 1 -3.5048 0.218921
1245 1 -3.50663 0.217051
1246 1 -3.50293 0.217828
1247 1 -3.50455 0.228471
1248 1 -3.51062 0.221933
1249 1 -3.52271 0.220779
1250 1 -3.54994 0.217318
1251 1 -3.52884 0.212078
1252 1 -3.50443 0.190892
1253 1 -3.50091 0.171317
1254 1 -3.516 0.157025
1255 1 -3.51302 0.149936
1256 1 -3.52647 0.138758
1257 1 -3.53548 0.159215
1258 1 -3.52819 0.161504
1259 1 -3.52681 0.1528
1260 1 -3.53977 0.163406
1261 1 -3.53611 0.146118
1262 1 -3.522 0.15093
1263 1 -3.52647 0.16125
1264 1 -3.54653 0.150105
1265 1 -3.53999 0.171955
1266 1 -3.56234 0.168658
1267 1 -3.5376 0.161181
1268 1 -3.546 0.161482
1269 1 -3.54593 0.154006
1270 1 -3.54026 0.151343
1271 1 -3.56805 0.14517
1272 1 -3.56207 0.137885
1273 1 -3.56005 0.154401
1274 1 -3.55441 0.143869
1275 1 -3.54876 0.118352
1276 1 -3.55806 0.127529
1277 1 -3.55804 0.127036
1278 1 -3.56186 0.114029
1279 1 -3.53737 0.119033
1280 1 -3.53211 0.12639
1281 1 -3.51635 0.126206
1282 1 -3.50135 0.112368
1283 1 -3.50458 0.117676
1284 1 -3.51691 0.132922
1285 1 -3.51303 0.111332
1286 1 -3.49095 0.107028
1287 1 -3.49346 0.0827954
1288 1 -3.49506 0.0697813
1289 1 -3.48129 0.0738839
1290 1 -3.47566 0.0913196
1291 1 -3.48866 0.0872446
1292 1 -3.49893 0.0975232
1293 1 -3.47121 0.0822443
1294 1 -3.45165 0.0608678
1295 1 -3.45466 0.060554
1296 1 -3.47257 0.0596545
1297 1 -3.45616 0.0572535
1298 1 -3.45886 0.0661087
1299 1 -3.40948 0.0723073
1300 1 -3.3701 0.0607861
1301 1 -3.37935 0.071318
1302 1 -3.36548 0.0471371
1303 1 -3.36123 0.0453393
1304 1 -3.37129 0.0566593
1305 1 -3.37688 0.0636555
1306 1 -3.37012 0.0586273
1307 1 -3.35078 0.0632275
1308 1 -3.35772 0.0467846
1309 1 -3.38371 0.0514253
1310 1 -3.42276 0.0517107
1311 1 -3.45839 0.04128
1312 1 -3.44329 0.0485431
1313 1 -3.4171 0.0468509
1314 1 -3.43096 0.0574007
1315 1 -3.44307 0.0404388
1316 1 -3.44167 0.026666
1317 1 -3.44205 0.0285123
1318 1 -3.43943 0.0184631
1319 1 -3.44577 0.0412817
1320 1 -3.45794 0.0166501
1321 1 -3.438 -0.00543595
1322 1 -3.45656 0.00672247
1323 1 -3.45521 0.00399644
1324 1 -3.45525 0.00119825
1325 1 -3.46006 0.00709792
1326 1 -3.47499 0.00773431
1327 1 -3.4804 0.000590412
1328 1 -3.49884 0.00990762
1329 1 -3.497 0.0287133
1330 1 -3.50523 0.0409488
1331 1 -3.49932 0.0333855
1332 1 -3.49391 0.0381154
1333 1 -3.50142 0.0524026
1334 1 -3.49491 0.0445733
1335 1 -3.46569 0.0326934
1336 1 -3.48166 0.0319978
1337 1 -3.45814 0.0301763
1338 1 -3.45733 0.0131449
1339 1 -3.4628 0.00584742
1340 1 -3.44279 0.00343231
1341 1 -3.42859 0.0154266
1342 1 -3.43308 -0.00811672
1343 1 -3.43383 0.00392218
1344 1 -3.42233 0.00216275
1345 1 -3.4358 -0.0156859
1346 1 -3.40197 -0.008259
1347 1 -3.40466 -0.0219607
1348 1 -3.39573 -0.0297764
1349 1 -3.41188 -0.0137081
1350 1 -3.42863 0.000566299
1351 1 -3.43112 0.000352915
1352 1 -3.43891 -0.0109085
1353 1 -3.43467 -0.0206231
1354 1 -3.44472 -0.011652
1355 1 -3.43881 -0.0118763
1356 1 -3.41521 -0.00841726
1357 1 -3.41479 -0.0139579
1358 1 -3.43286 -0.000181987
1359 1 -3.41073 0.0132517
1360 1 -3.40904 -0.0105637
1361 1 -3.4161 -0.0140514
1362 1 -3.42837 -0.0229435
1363 1 -3.42789 -0.016706
1364 1 -3.43928 -0.0199166
1365 1 -3.43676 -0.0270722
1366 1 -3.43671 -0.0215726
1367 1 -3.42848 -0.0179425
1368 1 -3.42133 -0.00140446
1369 1 -3.42357 -0.00479658
1370 1 -3.42933 -0.0101633
1371 1 -3.43156 -0.0283436
1372 1 -3.44434 -0.0177342
1373 1 -3.43921 -0.020963
1374 1 -3.45999 -0.0440209
1375 1 -3.43592 -0.0258182
1376 1 -3.43437 -0.036722
1377 1 -3.42315 -0.0385806
1378 1 -3.42563 -0.0533715
1379 1 -3.42776 -0.0567948
1380 1 -3.41506 -0.0448474
1381 1 -3.42829 -0.0344562
1382 1 -3.42214 -0.0428358
1383 1 -3.43549 -0.0524613
1384 1 -3.45277 -0.0629714
1385 1 -3.44846 -0.0354951
1386 1 -3.4424 -0.0560368
1387 1 -3.43754 -0.0589914
1388 1 -3.44614 -0.0719844
1389 1 -3.44459 -0.0872465
1390 1 -3.44682 -0.0870827
1391 1 -3.4577 -0.0680345
1392 1 -3.46104 -0.0854057
1393 1 -3.4537 -0.0833003
1394 1 -3.43701 -0.0769739
1395 1 -3.43487 -0.0801308
1396 1 -3.44142 -0.111819
1397 1 -3.44169 -0.124123
1398 1 -3.45164 -0.139216
1399 1 -3.44836 -0.141286
1400 1 -3.42787 -0.153056
1401 1 -3.42816 -0.131919
1402 1 -3.40977 -0.140299
1403 1 -3.41731 -0.166803
1404 1 -3.40189 -0.177604
1405 1 -3.39805 -0.185174
1406 1 -3.39605 -0.199972
1407 1 -3.38985 -0.172385
1408 1 -3.40192 -0.194305
1409 1 -3.42129 -0.206123
1410 1 -3.4202 -0.233742
1411 1 -3.43572 -0.236048
1412 1 -3.42733 -0.241998
1413 1 -3.3867 -0.244219
1414 1 -3.36147 -0.220987
1415 1 -3.38159 -0.22707
1416 1 -3.3859 -0.228359
1417 1 -3.38634 -0.221731
1418 1 -3.40423 -0.205798
1419 1 -3.40221 -0.20291
1420 1 -3.41699 -0.203674
1421 1 -3.43632 -0.189923
1422 1 -3.4318 -0.196748
1423 1 -3.42834 -0.189082
1424 1 -3.40714 -0.205907
1425 1 -3.40182 -0.209168
1426 1 -3.39621 -0.225926
1427 1 -3.39075 -0.211223
1428 1 -3.38831 -0.194999
1429 1 -3.38276 -0.19457
1430 1 -3.39465 -0.197034
1431 1 -3.40873 -0.230366
1432 1 -3.41378 -0.23395
1433 1 -3.43259 -0.208732
1434 1 -3.42248 -0.205906
1435 1 -3.44728 -0.196687
1436 1 -3.43129 -0.217451
1437 1 -3.42972 -0.208805
1438 1 -3.42938 -0.201456
1439 1 -3.43002 -0.185368
1440 1 -3.45956 -0.162261
1441 1 -3.45012 -0.172594
1442 1 -3.46103 -0.153373
1443 1 -3.45841 -0.166202
1444 1 -3.46779 -0.181348
1445 1 -3.44029 -0.185116
1446 1 -3.4526 -0.190527
1447 1 -3.44307 -0.209298
1448 1 -3.45002 -0.22244
1449 1 -3.44473 -0.220921
1450 1 -3.43684 -0.239824
1451 1 -3.42992 -0.230469
1452 1 -3.43947 -0.229021
1453 1 -3.44686 -0.232205
1454 1 -3.427 -0.223466
1455 1 -3.44863 -0.223357
1456 1 -3.44341 -0.235012
1457 1 -3.43832 -0.221218
1458 1 -3.42389 -0.182538
1459 1 -3.41801 -0.17658
1460 1 -3.4279 -0.186742
1461 1 -3.44777 -0.178919
1462 1 -3.44987 -0.18821
1463 1 -3.43131 -0.181233
1464 1 -3.43802 -0.171262
1465 1 -3.43049 -0.156213
1466 1 -3.40089 -0.160228
1467 1 -3.40023 -0.158518
1468 1 -3.39556 -0.145605
1469 1 -3.41386 -0.161142
1470 1 -3.41626 -0.180736
1471 1 -3.41194 -0.141691
1472 1 -3.42509 -0.170352
1473 1 -3.42617 -0.190288
1474 1 -3.40865 -0.184705
1475 1 -3.41387 -0.195278
1476 1 -3.43299 -0.188201
1477 1 -3.42904 -0.177061
1478 1 -3.42084 -0.166177
1479 1 -3.4166 -0.169609
1480 1 -3.41737 -0.152833
1481 1 -3.4485 -0.142454
1482 1 -3.44782 -0.128192
1483 1 -3.47032 -0.14493
1484 1 -3.44909 -0.143223
1485 1 -3.44599 -0.151718
1486 1 -3.46785 -0.154567
1487 1 -3.47729 -0.151503
1488 1 -3.46811 -0.148927
1489 1 -3.47054 -0.152008
1490 1 -3.47205 -0.128941
1491 1 -3.46874 -0.111076
1492 1 -3.45349 -0.0782457
1493 1 -3.45377 -0.0787041
1494 1 -3.45071 -0.112466
1495 1 -3.45736 -0.124677
1496 1 -3.47045 -0.128904
1497 1 -3.46789 -0.110442
1498 1 -3.4513 -0.114887
1499 1 -3.47248 -0.120377
1500 1 -3.48687 -0.123708
1501 1 -3.49504 -0.120134
1502 1 -3.4821 -0.143918
1503 1 -3.49172 -0.147192
1504 1 -3.47863 -0.153132
1505 1 -3.50235 -0.190189
1506 1 -3.4997 -0.171455
1507 1 -3.51794 -0.171194
1508 1 -3.50127 -0.173323
1509 1 -3.51578 -0.185987
1510 1 -3.51335 -0.177837
1511 1 -3.50838 -0.172906
1512 1 -3.5053 -0.146279
1513 1 -3.51145 -0.154399
1514 1 -3.529 -0.155778
1515 1 -3.51178 -0.145622
1516 1 -3.52736 -0.160604
1517 1 -3.53419 -0.167536
1518 1 -3.50828 -0.179103
1519 1 -3.51883 -0.189503
1520 1 -3.5236 -0.174069
1521 1 -3.4949 -0.210075
1522 1 -3.49145 -0.215522
1523 1 -3.48456 -0.217797
1524 1 -3.49331 -0.217846
1525 1 -3.49339 -0.220996
1526 1 -3.50729 -0.248131
1527 1 -3.48647 -0.24906
1528 1 -3.48309 -0.238335
1529 1 -3.48208 -0.227659
1530 1 -3.49481 -0.245014
1531 1 -3.51177 -0.247644
1532 1 -3.49657 -0.243249
1533 1 -3.48665 -0.265212
1534 1 -3.49618 -0.266495
1535 1 -3.53386 -0.266163
1536 1 -3.52684 -0.257369
1537 1 -3.52886 -0.25898
1538 1 -3.50912 -0.21476
1539 1 -3.50449 -0.203654
1540 1 -3.49636 -0.213653
1541 1 -3.49321 -0.204891
1542 1 -3.49395 -0.221341
1543 1 -3.49315 -0.216883
1544 1 -3.51715 -0.203273
1545 1 -3.50165 -0.211193
1546 1 -3.49181 -0.242852
1547 1 -3.47219 -0.247518
1548 1 -3.47449 -0.260127
1549 1 -3.46149 -0.241812
1550 1 -3.43347 -0.232787
1551 1 -3.44054 -0.2358
1552 1 -3.46976 -0.234977
1553 1 -3.49852 -0.238104
1554 1 -3.47803 -0.225013
1555 1 -3.48651 -0.222102
1556 1 -3.48258 -0.231502
1557 1 -3.48511 -0.232337
1558 1 -3.48082 -0.225955
1559 1 -3.49349 -0.225917
1560 1 -3.4954 -0.210165
1561 1 -3.51691 -0.201502
1562 1 -3.54953 -0.18186
1563 1 -3.52423 -0.181892
1564 1 -3.53074 -0.188225
1565 1 -3.49941 -0.200489
1566 1 -3.51692 -0.184866
1567 1 -3.50202 -0.2047
1568 1 -3.52336 -0.192828
1569 1 -3.52041 -0.198119
1570 1 -3.52 -0.188896
1571 1 -3.54022 -0.182488
1572 1 -3.56254 -0.166526
1573 1 -3.55889 -0.176211
1574 1 -3.57269 -0.170372
1575 1 -3.57329 -0.190173
1576 1 -3.57304 -0.19063
1577 1 -3.56345 -0.186813
1578 1 -3.56411 -0.181063
1579 1 -3.56573 -0.171619
1580 1 -3.56364 -0.156246
1581 1 -3.55402 -0.17963
1582 1 -3.53586 -0.170006
1583 1 -3.53815 -0.162141
1584 1 -3.53497 -0.151834
1585 1 -3.5616 -0.157206
1586 1 -3.57945 -0.176168
1587 1 -3.57494 -0.176405
1588 1 -3.56777 -0.155608
1589 1 -3.55925 -0.164094
1590 1 -3.56775 -0.15146
1591 1 -3.56537 -0.150139
1592 1 -3.56727 -0.151316
1593 1 -3.58216 -0.161589
1594 1 -3.59126 -0.150251
1595 1 -3.5872 -0.160819
1596 1 -3.57462 -0.160075
1597 1 -3.56059 -0.148221
1598 1 -3.56137 -0.138514
1599 1 -3.55545 -0.116722
1600 1 -3.56796 -0.110469
1601 1 -3.59867 -0.116529
1602 1 -3.62948 -0.13143
1603 1 -3.64898 -0.123139
1604 1 -3.6419 -0.130756
1605 1 -3.65298 -0.12718
1606 1 -3.65295 -0.145114
1607 1 -3.67995 -0.128555
1608 1 -3.68258 -0.144926
1609 1 -3.68468 -0.156401
1610 1 -3.70834 -0.171481
1611 1 -3.71056 -0.145761
1612 1 -3.70242 -0.162021
1613 1 -3.72251 -0.16266
1614 1 -3.7136 -0.154672
1615 1 -3.72658 -0.157969
1616 1 -3.72658 -0.160539
1617 1 -3.74903 -0.151006
1618 1 -3.75903 -0.148061
1619 1 -3.75828 -0.14046
1620 1 -3.78042 -0.119727
1621 1 -3.79523 -0.101757
1622 1 -3.77715 -0.100138
1623 1 -3.79878 -0.0832102
1624 1 -3.80163 -0.0657101
1625 1 -3.82267 -0.0558122
1626 1 -3.83904 -0.0751723
1627 1 -3.84642 -0.0962164
1628 1 -3.83585 -0.0838412
1629 1 -3.82476 -0.0909539
1630 1 -3.84561 -0.0703943
1631 1 -3.85457 -0.0906853
1632 1 -3.82023 -0.106097
1633 1 -3.82293 -0.0975706
1634 1 -3.82815 -0.0968207
1635 1 -3.8447 -0.125264
1636 1 -3.85327 -0.116133
1637 1 -3.85888 -0.138425
1638 1 -3.8657 -0.121038
1639 1 -3.88894 -0.128623
1640 1 -3.8624 -0.121155
1641 1 -3.868 -0.116684
1642 1 -3.88239 -0.125753
1643 1 -3.8696 -0.113382
1644 1 -3.87331 -0.0954655
1645 1 -3.86627 -0.086919
1646 1 -3.85355 -0.0935073
1647 1 -3.87611 -0.10179
1648 1 -3.8998 -0.102976
1649 1 -3.89778 -0.105454
1650 1 -3.90228 -0.122044
1651 1 -3.89275 -0.118991
1652 1 -3.89914 -0.122746
1653 1 -3.90053 -0.112018
1654 1 -3.90166 -0.112836
1655 1 -3.89773 -0.134025
1656 1 -3.91578 -0.124049
1657 1 -3.9095 -0.108011
1658 1 -3.9188 -0.0870778
1659 1 -3.91205 -0.0657188
1660 1 -3.90226 -0.0474105
1661 1 -3.89326 -0.0317868
1662 1 -3.89696 -0.0355868
1663 1 -3.89711 -0.031355
1664 1 -3.89846 -0.0251128
1665 1 -3.90009 -0.0132625
1666 1 -3.91451 -0.0289587
1667 1 -3.92971 -0.0431434
1668 1 -3.94351 -0.0662999
1669 1 -3.94529 -0.0638357
1670 1 -3.95894 -0.0955117
1671 1 -3.9537 -0.0906594
1672 1 -3.96309 -0.0909651
1673 1 -3.95242 -0.0856169
1674 1 -3.96121 -0.058406
1675 1 -3.95694 -0.0756854
1676 1 -3.95654 -0.0943053
1677 1 -3.94565 -0.101086
1678 1 -3.98281 -0.0939181
1679 1 -3.9795 -0.0836524
1680 1 -3.96845 -0.0841993
1681 1 -3.97729 -0.0450191
1682 1 -3.98876 -0.0499709
1683 1 -3.96663 -0.0561243
1684 1 -3.963 -0.0507897
1685 1 -3.93969 -0.0436551
1686 1 -3.95822 -0.0368672
1687 1 -3.95806 -0.0316066
1688 1 -3.94586 -0.0398254
1689 1 -3.93736 -0.0272135
1690 1 -3.90739 -0.013928
1691 1 -3.89896 -0.0269343
1692 1 -3.87418 -0.00639172
1693 1 -3.87985 0.000550197
1694 1 -3.88289 0.012953
1695 1 -3.88207 0.0168445
1696 1 -3.88908 0.0250392
1697 1 -3.87318 0.0104724
1698 1 -3.89692 0.0115348
1699 1 -3.89245 0.00189397
1700 1 -3.88681 0.001187
1701 1 -3.88787 0.0283491
1702 1 -3.87377 0.0448772
1703 1 -3.88923 0.0789709
1704 1 -3.87887 0.0849042
1705 1 -3.88795 0.0959802
1706 1 -3.87742 0.123355
1707 1 -3.85978 0.14387
1708 1 -3.83174 0.124212
1709 1 -3.84807 0.0955872
1710 1 -3.85192 0.0994593
1711 1 -3.83893 0.101221
1712 1 -3.81927 0.102998
1713 1 -3.79868 0.094243
1714 1 -3.79747 0.12373
1715 1 -3.82814 0.125541
1716 1 -3.82353 0.117547
1717 1 -3.817 0.122537
1718 1 -3.81152 0.108997
1719 1 -3.81676 0.107435
1720 1 -3.8196 0.121042
1721 1 -3.83339 0.134693
1722 1 -3.82302 0.144535
1723 1 -3.79975 0.14488
1724 1 -3.80418 0.134492
1725 1 -3.82298 0.130708
1726 1 -3.8115 0.139484
1727 1 -3.78112 0.14688
1728 1 -3.78376 0.146884
1729 1 -3.77395 0.134279
1730 1 -3.76027 0.161257
1731 1 -3.77986 0.145106
1732 1 -3.76032 0.151654
1733 1 -3.74943 0.133124
1734 1 -3.72366 0.0936551
1735 1 -3.70122 0.0995067
1736 1 -3.69045 0.0839882
1737 1 -3.66802 0.0848933
1738 1 -3.66124 0.0798598
1739 1 -3.67922 0.0807091
1740 1 -3.6588 0.0716854
1741 1 -3.63699 0.0639065
1742 1 -3.63491 0.0636531
1743 1 -3.64347 0.0614769
1744 1 -3.61872 0.0663053
1745 1 -3.63463 0.0707881
1746 1 -3.62466 0.0742948
1747 1 -3.62709 0.079094
1748 1 -3.62388 0.0514186
1749 1 -3.62031 0.0499242
1750 1 -3.62798 0.0637392
1751 1 -3.63989 0.0817909
1752 1 -3.6335 0.0937939
1753 1 -3.64221 0.109465
1754 1 -3.64473 0.0956081
1755 1 -3.62926 0.123954
1756 1 -3.62943 0.127067
1757 1 -3.62654 0.135729
1758 1 -3.61933 0.145238
1759 1 -3.62882 0.129891
1760 1 -3.64678 0.132101
1761 1 -3.65439 0.119262
1762 1 -3.64918 0.123547
1763 1 -3.6523 0.121493
1764 1 -3.64426 0.126979
1765 1 -3.64569 0.141492
1766 1 -3.65156 0.136064
1767 1 -3.64991 0.138834
1768 1 -3.66419 0.149155
1769 1 -3.6548 0.135251
1770 1 -3.66891 0.141245
1771 1 -3.68504 0.132683
1772 1 -3.72411 0.129564
1773 1 -3.7178 0.125624
1774 1 -3.71813 0.124501
1775 1 -3.69815 0.136063
1776 1 -3.6828 0.15025
1777 1 -3.67677 0.14062
1778 1 -3.67298 0.136942
1779 1 -3.67405 0.142168
1780 1 -3.68794 0.152155
1781 1 -3.69053 0.160587
1782 1 -3.686 0.157996
1783 1 -3.70154 0.17729
1784 1 -3.69933 0.17142
1785 1 -3.71228 0.177405
1786 1 -3.73092 0.143324
1787 1 -3.7186 0.128845
1788 1 -3.72139 0.179475
1789 1 -3.72451 0.190963
1790 1 -3.71032 0.199654
1791 1 -3.72066 0.197552
1792 1 -3.71719 0.209487
1793 1 -3.74867 0.2339
1794 1 -3.72868 0.238674
1795 1 -3.72561 0.223417
1796 1 -3.74011 0.202966
1797 1 -3.75235 0.207834
1798 1 -3.75673 0.209531
1799 1 -3.76058 0.191932
1800 1 -3.74857 0.165908
1801 1 -3.7557 0.175786
1802 1 -3.75473 0.177781
1803 1 -3.7587 0.175672
1804 1 -3.74544 0.175277
1805 1 -3.76776 0.178897
1806 1 -3.76381 0.178855
1807 1 -3.77808 0.185535
1808 1 -3.77413 0.180735
1809 1 -3.76569 0.166356
1810 1 -3.77955 0.182349
1811 1 -3.77519 0.198464
1812 1 -3.76594 0.17687
1813 1 -3.76528 0.195196
1814 1 -3.7751 0.202198
1815 1 -3.78661 0.230314
1816 1 -3.78802 0.219342
1817 1 -3.79386 0.211456
1818 1 -3.80695 0.207074
1819 1 -3.81109 0.207836
1820 1 -3.8021 0.178406
1821 1 -3.79657 0.186629
1822 1 -3.77144 0.190981
1823 1 -3.79751 0.209151
1824 1 -3.79503 0.235603
1825 1 -3.80785 0.252496
1826 1 -3.80426 0.220039
1827 1 -3.83281 0.198975
1828 1 -3.81542 0.192133
1829 1 -3.82179 0.21569
1830 1 -3.80569 0.215141
1831 1 -3.79733 0.204817
1832 1 -3.78677 0.190878
1833 1 -3.79251 0.20281
1834 1 -3.80209 0.193037
1835 1 -3.79377 0.213965
1836 1 -3.78416 0.210835
1837 1 -3.75404 0.226236
1838 1 -3.77342 0.252842
1839 1 -3.77084 0.258977
1840 1 -3.76179 0.26254
1841 1 -3.76805 0.271016
1842 1 -3.77652 0.265594
1843 1 -3.76699 0.252397
1844 1 -3.78833 0.243108
1845 1 -3.79527 0.228038
1846 1 -3.77142 0.236332
1847 1 -3.773 0.247402
1848 1 -3.77866 0.221806
1849 1 -3.7771 0.205251
1850 1 -3.76611 0.214623
1851 1 -3.76747 0.218421
1852 1 -3.77681 0.221754
1853 1 -3.76584 0.241336
1854 1 -3.74633 0.256411
1855 1 -3.73405 0.232265
1856 1 -3.74701 0.242365
1857 1 -3.74252 0.242168
1858 1 -3.74124 0.251121
1859 1 -3.77195 0.243612
1860 1 -3.79545 0.252314
1861 1 -3.81495 0.241885
1862 1 -3.82037 0.245358
1863 1 -3.79899 0.241885
1864 1 -3.78995 0.231149
1865 1 -3.81476 0.239358
1866 1 -3.8156 0.231208
1867 1 -3.84703 0.233307
1868 1 -3.82308 0.267678
1869 1 -3.81054 0.279573
1870 1 -3.81434 0.280668
1871 1 -3.79301 0.261916
1872 1 -3.80555 0.262507
1873 1 -3.81752 0.256706
1874 1 -3.828 0.266886
1875 1 -3.80959 0.254545
1876 1 -3.80405 0.243669
1877 1 -3.80048 0.261348
1878 1 -3.81426 0.269552
1879 1 -3.80335 0.276785
1880 1 -3.80822 0.284496
1881 1 -3.82628 0.276012
1882 1 -3.8362 0.29711
1883 1 -3.84749 0.303542
1884 1 -3.8555 0.313021
1885 1 -3.8483 0.327846
1886 1 -3.86806 0.316269
1887 1 -3.86614 0.299706
1888 1 -3.87389 0.284687
1889 1 -3.88415 0.280625
1890 1 -3.86728 0.264417
1891 1 -3.86603 0.260863
1892 1 -3.87016 0.261102
1893 1 -3.8741 0.28659
1894 1 -3.86833 0.301451
1895 1 -3.86382 0.32311
1896 1 -3.88553 0.341095
1897 1 -3.88247 0.323251
1898 1 -3.87873 0.343236
1899 1 -3.87708 0.344294
1900 1 -3.87487 0.363743
1901 1 -3.86379 0.356522
1902 1 -3.87297 0.351424
1903 1 -3.86114 0.360474
1904 1 -3.87928 0.357702
1905 1 -3.88191 0.375841
1906 1 -3.86778 0.341704
1907 1 -3.87199 0.342739
1908 1 -3.85492 0.356272
1909 1 -3.85324 0.334328
1910 1 -3.84441 0.36855
1911 1 -3.83849 0.340872
1912 1 -3.83798 0.35095
1913 1 -3.84036 0.35632
1914 1 -3.84743 0.367589
1915 1 -3.82104 0.376709
1916 1 -3.79794 0.368759
1917 1 -3.81561 0.36361
1918 1 -3.80803 0.359789
1919 1 -3.79566 0.376476
1920 1 -3.79371 0.367798
1921 1 -3.79031 0.356172
1922 1 -3.77586 0.356922
1923 1 -3.79355 0.364581
1924 1 -3.78769 0.367852
1925 1 -3.77097 0.37383
1926 1 -3.7714 0.391401
1927 1 -3.78997 0.367513
1928 1 -3.79991 0.379212
1929 1 -3.8139 0.369343
1930 1 -3.81337 0.371375
1931 1 -3.81987 0.349529
1932 1 -3.81279 0.336532
1933 1 -3.80092 0.333385
1934 1 -3.79172 0.327399
1935 1 -3.79029 0.313335
1936 1 -3.7897 0.319207
1937 1 -3.76506 0.315591
1938 1 -3.75659 0.31849
1939 1 -3.76432 0.298655
1940 1 -3.74864 0.277382
1941 1 -3.7457 0.297418
1942 1 -3.72942 0.285681
1943 1 -3.7194 0.279385
1944 1 -3.72286 0.281097
1945 1 -3.70727 0.321331
1946 1 -3.67372 0.337409
1947 1 -3.6636 0.326594
1948 1 -3.66238 0.318429
1949 1 -3.6544 0.321215
1950 1 -3.66229 0.32352
1951 1 -3.67254 0.313489
1952 1 -3.66866 0.330918
1953 1 -3.67982 0.317336
1954 1 -3.70187 0.320831
1955 1 -3.69634 0.322526
1956 1 -3.69551 0.319014
1957 1 -3.72749 0.28729
1958 1 -3.71892 0.311034
1959 1 -3.72681 0.311805
1960 1 -3.70898 0.287432
1961 1 -3.72574 0.277248
1962 1 -3.76177 0.285744
1963 1 -3.75856 0.310557
1964 1 -3.77048 0.280134
1965 1 -3.77005 0.289375
1966 1 -3.76025 0.275639
1967 1 -3.75713 0.277746
1968 1 -3.76372 0.279514
1969 1 -3.76357 0.266678
1970 1 -3.75149 0.264206
1971 1 -3.75397 0.283357
1972 1 -3.73787 0.295361
1973 1 -3.72269 0.310798
1974 1 -3.70488 0.300217
1975 1 -3.71371 0.292506
1976 1 -3.71259 0.30398
1977 1 -3.71345 0.308355
1978 1 -3.70212 0.326961
1979 1 -3.67601 0.330025
1980 1 -3.66655 0.312967
1981 1 -3.64976 0.317143
1982 1 -3.65028 0.295201
1983 1 -3.64985 0.289899
1984 1 -3.64407 0.303665
1985 1 -3.64108 0.290513
1986 1 -3.63181 0.301499
1987 1 -3.62937 0.293214
1988 1 -3.61755 0.285799
1989 1 -3.62318 0.284722
1990 1 -3.63064 0.294319
1991 1 -3.65442 0.287734
1992 1 -3.6681 0.287586
1993 1 -3.68823 0.309863
1994 1 -3.69283 0.299308
1995 1 -3.69515 0.30534
1996 1 -3.71958 0.318899
1997 1 -3.74458 0.341674
1998 1 -3.75151 0.343815
1999 1 -3.76356 0.342161
